,open,low,high,close
2010-01-04,8.45,7.26,6.95,5.64
2010-01-05,5.24,4.73,5.42,4.7
2010-01-06,4.08,4.16,3.69,2.93
2010-01-07,3.26,2.99,2.17,2.39
2010-01-08,2.55,3.14,2.52,3.06
2010-01-11,3.48,3.42,3.57,4.08
2010-01-12,4.04,3.49,3.03,2.96
2010-01-13,3.56,3.58,2.08,1.89
2010-01-14,1.96,2.09,1.21,1.36
2010-01-15,1.01,0.45,-0.33,-0.19
2010-01-19,-0.4,0.13,0.14,0.8
2010-01-20,0.79,0.95,-0.43,-0.07
2010-01-21,0.1,0.08,-0.62,0.44
2010-01-22,0.01,0.72,0.21,0.51
2010-01-25,1.22,0.89,-0.6,-0.62
2010-01-26,-0.87,-0.67,-0.68,-1.5
2010-01-27,-1.2,-1.3,-1.88,-1.53
2010-01-28,-1.29,-0.77,-1.22,-1.18
2010-01-29,-1.79,-1.19,-1.33,-0.99
2010-02-01,-1.84,-1.57,-2.17,-1.52
2010-02-02,-1.43,-0.74,-1.13,-0.05
2010-02-03,1.04,0.13,0.59,0.44
2010-02-04,-0.11,-1.29,-0.78,-2.07
2010-02-05,-1.86,-2.51,-1.59,-1.73
2010-02-08,-1.55,-0.77,-1.46,-0.98
2010-02-09,0.57,0.53,0.24,0.79
2010-02-10,0.7,0.88,0.05,0.04
2010-02-11,0.87,0.4,-0.99,-1.13
2010-02-12,-1.53,-1.86,-2.3,-1.97
2010-02-16,-1.67,-2.17,-1.76,-1.03
2010-02-17,-1.23,-0.51,-1.04,-0.16
2010-02-18,-1.39,-1.26,-0.72,-0.49
2010-02-19,-0.63,-0.39,-0.67,-0.62
2010-02-22,-0.67,-0.51,-1.68,-1.66
2010-02-23,-2.12,-1.59,-2.58,-2.09
2010-02-24,-1.87,-1.94,-2.04,-1.85
2010-02-25,-1.92,-0.7,-1.85,-0.32
2010-02-26,-0.08,-0.3,-0.44,-0.42
2010-03-01,-0.86,-0.74,-1.9,-1.9
2010-03-02,-1.29,-0.86,-1.49,-1.21
2010-03-03,-1.38,-0.84,-1.08,-0.92
2010-03-04,-1.3,-0.77,-0.84,-0.6
2010-03-05,-0.72,-0.31,-0.27,-0.1
2010-03-08,-0.33,0.45,0.23,0.58
2010-03-09,0.67,-0.26,0.14,-0.94
2010-03-10,-0.64,-0.65,-0.77,-0.67
2010-03-11,-1.14,-0.97,-1.7,-1.64
2010-03-12,-1.28,-0.74,-1.67,-0.65
2010-03-15,-0.9,-0.04,-0.17,0.78
2010-03-16,1.35,1.07,0.89,1.01
2010-03-17,1.41,2.19,1.44,2.04
2010-03-18,1.75,1.39,0.59,1.68
2010-03-19,1.85,2.05,2.29,2.82
2010-03-22,2.51,2.31,0.9,0.97
2010-03-23,0.77,0.37,-0.56,-0.18
2010-03-24,-0.15,-0.06,-0.38,-0.53
2010-03-25,-0.25,-0.06,-0.41,-0.79
2010-03-26,-0.87,-0.97,-1.14,-0.99
2010-03-29,-0.39,-0.54,-1.15,-1.07
2010-03-30,-1.06,-0.67,-1.24,-1.21
2010-03-31,-1.32,-1.62,-2.16,-2.36
2010-04-01,-1.86,-1.8,-2.21,-2.19
2010-04-05,-2.71,-2.33,-2.58,-2.24
2010-04-06,-1.89,-1.63,-1.92,-1.78
2010-04-07,-2.38,-1.81,-1.25,-0.66
2010-04-08,-0.67,-0.41,-0.53,-0.42
2010-04-09,-0.71,-0.64,-1.09,-1.29
2010-04-12,-1.15,-1.06,-1.33,-1.62
2010-04-13,-1.35,-0.78,-1.68,-1.45
2010-04-14,-1.36,-1.35,-1.57,-1.25
2010-04-15,-1.33,-1.54,-1.64,-1.44
2010-04-16,-1.58,-1.18,-1.37,-1.24
2010-04-19,-2.19,-2.18,-2.83,-2.36
2010-04-20,-2.32,-2.13,-2.12,-1.67
2010-04-21,-1.7,-1.21,-1.98,-0.98
2010-04-22,-1.28,-1.3,-1.61,-1.07
2010-04-23,-1.47,0.1,-1.0,1.22
2010-04-26,0.82,0.29,0.2,-0.19
2010-04-27,-0.02,1.04,0.11,1.04
2010-04-28,2.01,2.02,1.81,2.21
2010-04-29,1.43,1.65,2.77,1.86
2010-04-30,1.37,1.06,1.16,1.65
2010-05-03,1.65,1.99,1.8,1.86
2010-05-04,1.55,1.2,0.95,0.8
2010-05-05,-0.18,0.11,-0.4,-0.61
2010-05-06,-0.67,-3.1,-0.81,-1.7
2010-05-07,-1.99,-1.87,-1.14,-1.72
2010-05-10,0.1,-0.38,-0.3,-0.04
2010-05-11,-0.88,-0.72,-0.32,0.13
2010-05-12,0.05,1.28,1.89,2.64
2010-05-13,2.66,2.93,2.73,2.32
2010-05-14,2.26,1.97,1.91,2.06
2010-05-17,2.79,2.53,2.37,3.03
2010-05-18,3.46,2.99,3.52,3.02
2010-05-19,2.46,3.02,3.01,3.07
2010-05-20,2.41,0.4,2.5,0.14
2010-05-21,-0.36,-0.31,-0.66,0.09
2010-05-24,2.61,1.14,1.53,0.97
2010-05-25,0.27,-0.42,0.06,0.0
2010-05-26,0.01,-0.88,-0.67,-1.39
2010-05-27,-1.05,-0.69,-0.78,-0.11
2010-05-28,-0.21,0.77,-0.22,0.72
2010-06-01,0.25,0.33,0.72,-0.25
2010-06-02,-0.98,-1.05,-0.32,0.11
2010-06-03,0.07,0.23,0.5,0.99
2010-06-04,-0.12,-0.84,-0.43,-1.26
2010-06-07,-1.27,-1.46,-1.29,-1.6
2010-06-08,-1.57,-1.95,-1.29,-0.84
2010-06-09,-1.22,-1.02,-0.61,-0.87
2010-06-10,0.4,1.24,1.07,1.29
2010-06-11,0.97,1.35,1.77,2.06
2010-06-14,2.45,2.5,2.84,2.81
2010-06-15,2.66,2.76,3.5,3.47
2010-06-16,3.2,3.29,3.33,3.33
2010-06-17,3.44,3.5,2.81,2.91
2010-06-18,3.09,3.09,3.25,3.13
2010-06-21,4.04,3.2,3.73,3.31
2010-06-22,3.13,3.19,3.68,3.1
2010-06-23,2.96,2.54,2.9,2.55
2010-06-24,2.43,2.49,2.49,2.27
2010-06-25,2.39,1.71,2.55,2.8
2010-06-28,2.89,3.69,3.12,4.11
2010-06-29,4.26,3.82,3.89,3.61
2010-06-30,3.75,3.94,3.92,3.98
2010-07-01,3.82,3.26,3.8,3.43
2010-07-02,3.74,3.3,3.85,3.33
2010-07-06,3.79,3.34,3.64,2.85
2010-07-07,2.72,3.19,3.53,3.78
2010-07-08,4.13,3.59,3.78,3.95
2010-07-09,7.41,6.53,6.85,5.96
2010-07-12,6.12,6.63,6.79,6.81
2010-07-13,7.3,7.27,7.0,7.06
2010-07-14,7.49,6.91,7.13,6.46
2010-07-15,6.22,6.55,6.37,6.59
2010-07-16,6.16,5.75,6.36,5.84
2010-07-19,5.47,5.01,5.27,4.88
2010-07-20,4.24,4.1,4.1,4.95
2010-07-21,5.39,4.12,5.03,3.51
2010-07-22,4.02,4.16,4.06,4.08
2010-07-23,3.85,3.96,3.49,3.48
2010-07-26,3.29,3.79,3.77,3.8
2010-07-27,3.79,4.44,3.9,3.91
2010-07-28,2.74,2.93,2.91,3.31
2010-07-29,4.49,4.52,3.73,4.84
2010-07-30,4.53,5.08,4.45,4.75
2010-08-02,4.98,4.8,4.89,4.95
2010-08-03,4.4,4.62,4.55,4.62
2010-08-04,4.89,5.13,5.36,5.46
2010-08-05,5.24,5.38,5.31,4.96
2010-08-06,4.96,4.62,4.72,4.75
2010-08-09,4.44,5.29,4.74,4.71
2010-08-10,4.54,4.3,4.59,4.41
2010-08-11,4.66,3.38,3.07,2.11
2010-08-12,2.27,2.14,2.44,2.58
2010-08-13,2.55,2.63,3.01,2.72
2010-08-16,2.57,2.46,2.9,3.23
2010-08-17,4.32,4.12,4.45,4.22
2010-08-18,4.38,4.01,4.37,4.03
2010-08-19,3.55,3.41,3.54,3.33
2010-08-20,3.27,3.05,3.04,3.08
2010-08-23,3.09,3.11,3.33,3.13
2010-08-24,2.61,2.42,2.39,2.33
2010-08-25,2.46,2.18,2.53,2.54
2010-08-26,2.57,2.52,2.12,1.95
2010-08-27,2.18,1.61,2.33,2.52
2010-08-30,2.78,3.15,2.78,3.0
2010-08-31,2.57,3.07,2.91,3.53
2010-09-01,4.36,4.26,4.39,4.38
2010-09-02,4.29,4.34,4.26,4.33
2010-09-03,4.91,4.59,4.38,4.43
2010-09-07,4.15,3.57,3.78,2.94
2010-09-08,2.88,3.04,3.24,3.53
2010-09-09,4.86,4.71,4.6699,4.54
2010-09-10,4.08,3.9,3.46,3.35
2010-09-13,3.59,3.88,4.16,4.25
2010-09-14,4.25,4.43,4.7,4.57
2010-09-15,4.44,4.18,4.58,4.83
2010-09-16,4.37,4.68,4.69,5.12
2010-09-17,5.3,5.01,5.04,5.14
2010-09-20,5.32,5.4,6.09,6.11
2010-09-21,6.15,5.83,6.34,6.1
2010-09-22,6.01,5.32,6.26,5.33
2010-09-23,4.98,4.41,4.87,4.03
2010-09-24,4.66,4.97,5.49,5.49
2010-09-27,5.22,5.14,5.37,4.84
2010-09-28,5.23,4.97,4.9,4.86
2010-09-29,4.57,4.52,4.61,4.44
2010-09-30,4.48,4.81,5.26,4.81
2010-10-01,5.43,4.77,5.46,5.14
2010-10-04,5.11,4.87,4.96,4.7
2010-10-05,4.86,4.31,5.67,5.61
2010-10-06,5.75,5.72,5.83,5.75
2010-10-07,5.99,6.2,5.79,6.39
2010-10-08,6.73,6.55,6.58,6.49
2010-10-11,6.42,6.88,6.63,6.47
2010-10-12,5.98,6.5,6.9,7.24
2010-10-13,4.92,5.255,5.17,4.93
2010-10-14,4.79,5.23,4.84,4.32
2010-10-15,6.81,6.95,6.83,7.02
2010-10-18,7.32,7.6,7.71,8.0
2010-10-19,6.52,6.24,6.75,5.76
2010-10-20,7.19,7.08,6.67,7.43
2010-10-21,7.89,7.62,7.64,7.24
2010-10-22,7.51,7.54,7.66,7.51
2010-10-25,8.37,8.68,8.48,8.64
2010-10-26,9.05,8.8,8.87,9.0
2010-10-27,8.63,10.75,8.7,9.83
2010-10-28,10.55,9.14,9.54,9.15
2010-10-29,7.91,8.17,7.9,7.88
2010-11-01,8.95,8.98,9.15,8.67
2010-11-02,8.64,8.47,7.09,6.78
2010-11-03,7.08,6.41,6.66,6.82
2010-11-04,7.9,8.15,8.86,9.23
2010-11-05,8.72,8.99,9.09,8.57
2010-11-08,8.27,8.3,8.15,8.36
2010-11-09,8.36,7.78,7.74,7.41
2010-11-10,8.07,10.19,8.57,11.12
2010-11-11,11.47,10.94,10.83,10.22
2010-11-12,9.18,10.69,9.43,10.65
2010-11-15,11.43,12.33,11.79,11.36
2010-11-16,10.44,10.43,10.64,10.46
2010-11-17,10.08,9.81,9.36,9.18
2010-11-18,9.84,10.21,10.66,11.11
2010-11-19,11.04,11.3,10.73,11.89
2010-11-22,11.48,11.66,10.9,10.81
2010-11-23,10.04,9.51,9.51,8.68
2010-11-24,9.75,10.56,10.24,11.24
2010-11-26,10.37,10.63,10.33,10.42
2010-11-29,9.93,10.35,9.99,9.9
2010-11-30,9.44,9.41,9.18,9.09
2010-12-01,9.47,8.98,8.89,8.85
2010-12-02,9.09,9.19,8.8,8.58
2010-12-03,8.27,8.22,7.97,8.04
2010-12-06,7.91,7.9,6.96,6.74
2010-12-07,7.47,7.18,7.24,7.13
2010-12-08,7.16,7.14,6.98,6.85
2010-12-09,7.03,6.61,6.39,6.42
2010-12-10,5.84,6.58,6.42,6.92
2010-12-13,7.28,7.26,7.46,7.45
2010-12-14,7.45,8.1,8.07,7.8
2010-12-15,7.95,7.99,8.2,7.99
2010-12-16,7.81,8.67,7.96,8.29
2010-12-17,8.18,8.15,7.86,7.67
2010-12-20,8.69,8.78,8.65,9.19
2010-12-21,9.19,9.4,9.7,10.32
2010-12-22,10.24,11.16,10.53,10.94
2010-12-23,10.5,11.3,10.57,11.3
2010-12-27,10.3,11.35,10.46,11.2
2010-12-28,11.23,11.11,10.44,10.4
2010-12-29,10.01,10.32,10.23,10.06
2010-12-30,6.73,7.42,6.96,7.68
2010-12-31,7.58,7.45,7.25,7.23
2011-01-03,7.38,6.82,6.88,6.36
2011-01-04,6.27,6.88,6.78,7.0
2011-01-05,7.07,7.63,7.37,6.99
2011-01-06,7.42,8.04,7.08,7.99
2011-01-07,8.02,7.85,7.94,7.94
2011-01-10,8.22,7.72,7.71,6.96
2011-01-11,6.87,8.2,7.23,8.27
2011-01-12,8.04,8.12,8.4,7.94
2011-01-13,8.08,7.94,7.75,8.12
2011-01-14,8.08,7.76,7.74,7.97
2011-01-18,7.83,7.6,7.48,7.19
2011-01-19,7.5,8.1,7.53,7.6
2011-01-20,6.97,8.12,7.52,7.74
2011-01-21,7.09,7.11,7.18,7.43
2011-01-24,6.65,7.21,7.15,7.44
2011-01-25,7.47,7.63,8.75,8.81
2011-01-26,8.68,8.45,8.38,8.2
2011-01-27,8.39,8.57,8.97,9.45
2011-01-28,9.73,8.47,9.71,7.61
2011-01-31,7.74,7.86,8.0,7.39
2011-02-01,8.3,7.81,7.95,8.0
2011-02-02,8.33,9.51,9.01,10.07
2011-02-03,9.7,10.07,10.28,10.32
2011-02-04,10.37,10.0,9.61,9.64
2011-02-07,9.79,9.95,9.66,9.31
2011-02-08,8.5,8.86,9.44,9.72
2011-02-09,9.46,9.71,9.65,9.68
2011-02-10,9.72,10.16,9.9,10.43
2011-02-11,10.29,10.23,10.15,9.93
2011-02-14,9.66,8.86,9.64,9.02
2011-02-15,9.26,9.58,9.65,9.5
2011-02-16,9.61,9.81,9.57,9.49
2011-02-17,9.27,9.64,9.99,9.9
2011-02-18,9.94,10.3,11.44,11.4
2011-02-22,10.29,11.22,11.36,11.41
2011-02-23,11.6,11.39,11.43,10.82
2011-02-24,9.9,7.97,9.52,8.02
2011-02-25,7.88,8.04,8.65,8.75
2011-02-28,8.0,8.39,8.26,8.01
2011-03-01,8.2,8.42,8.28,8.38
2011-03-02,8.07,7.02,7.14,6.5
2011-03-03,5.84,6.41,7.0001,6.68
2011-03-04,6.49,6.35,6.52,6.64
2011-03-07,6.5,6.02,5.93,5.43
2011-03-08,5.55,5.68,5.53,5.23
2011-03-09,5.32,5.24,4.64,4.57
2011-03-10,4.16,3.69,4.08,3.26
2011-03-11,2.62,2.01,3.17,3.49
2011-03-14,2.81,2.97,2.7,2.29
2011-03-15,1.03,1.17,1.33,1.44
2011-03-16,1.39,2.41,2.11,2.66
2011-03-17,3.4,3.57,3.53,3.96
2011-03-18,3.73,3.31,3.37,2.78
2011-03-21,3.52,3.62,3.85,4.52
2011-03-22,4.26,4.45,3.94,3.33
2011-03-23,3.68,3.77,3.95,4.01
2011-03-24,3.92,3.44,3.21,3.89
2011-03-25,3.55,4.08,3.93,4.18
2011-03-28,4.35,4.39,5.05,5.09
2011-03-29,5.0,5.28,4.66,4.51
2011-03-30,4.85,4.82,4.77,5.07
2011-03-31,4.5,5.04,5.76,5.69
2011-04-01,6.23,6.28,6.76,6.93
2011-04-04,7.15,7.2,8.02,7.78
2011-04-05,7.4,7.5,7.41,6.74
2011-04-06,9.64,9.105,9.18,9.35
2011-04-07,9.17,8.68,8.69,8.36
2011-04-08,6.13,5.95,6.17,6.12
2011-04-11,5.9,6.21,6.25,6.22
2011-04-12,6.25,6.96,6.32,7.2
2011-04-13,7.24,6.76,6.01,5.83
2011-04-14,5.04,5.49,5.58,5.77
2011-04-15,5.23,5.43,5.12,5.5
2011-04-18,4.29,3.76,4.16,4.13
2011-04-19,4.29,3.7,3.7,3.22
2011-04-20,4.14,4.23,4.08,3.87
2011-04-21,3.79,5.28,4.49,5.63
2011-04-25,5.67,5.64,5.75,6.03
2011-04-26,5.46,5.56,4.8,5.07
2011-04-27,5.01,4.98,5.45,5.62
2011-04-28,5.64,6.25,6.48,6.74
2011-04-29,6.04,6.16,5.41,4.99
2011-05-02,5.54,5.13,5.32,4.92
2011-05-03,4.87,5.7,5.77,6.4
2011-05-04,6.67,6.23,6.58,6.23
2011-05-05,6.47,6.29,6.86,5.72
2011-05-06,6.68,6.87,7.02,7.08
2011-05-09,7.3,6.9,7.17,7.56
2011-05-10,7.55,7.32,7.82,8.38
2011-05-11,8.33,8.79,8.67,9.02
2011-05-12,8.64,8.69,9.4,9.5
2011-05-13,8.86,8.31,8.3,7.53
2011-05-16,7.46,7.51,7.77,7.18
2011-05-17,7.54,7.24,8.44,8.45
2011-05-18,9.29,9.66,9.67,10.58
2011-05-19,10.83,10.03,10.15,9.52
2011-05-20,10.11,9.66,9.96,9.7
2011-05-23,9.46,9.47,8.97,8.62
2011-05-24,9.0,9.13,8.86,9.26
2011-05-25,8.16,8.33,8.35,8.14
2011-05-26,7.84,7.62,7.64,7.81
2011-05-27,8.33,8.61,8.84,9.15
2011-05-31,9.78,9.6,9.72,9.76
2011-06-01,9.03,8.73,9.56,8.72
2011-06-02,8.62,8.6,8.88,8.95
2011-06-03,7.97,8.45,9.03,8.6
2011-06-06,8.19,7.46,8.03,6.96
2011-06-07,7.01,6.77,6.35,6.36
2011-06-08,6.62,5.61,5.81,5.6
2011-06-09,5.87,5.46,5.61,6.05
2011-06-10,5.44,4.83,4.94,4.5
2011-06-13,4.72,4.56,4.65,4.69
2011-06-14,4.62,5.06,4.56,4.78
2011-06-15,4.3,3.29,3.36,2.45
2011-06-16,2.43,2.45,2.84,2.62
2011-06-17,3.2,2.31,3.06,2.18
2011-06-20,2.25,1.71,2.56,2.43
2011-06-21,2.66,2.36,2.91,2.56
2011-06-22,2.35,2.62,2.89,2.51
2011-06-23,1.78,1.5,2.06,2.11
2011-06-24,2.23,1.77,2.02,1.7
2011-06-27,1.14,1.73,2.25,2.49
2011-06-28,2.43,2.5,2.14,2.51
2011-06-29,2.93,3.03,3.66,4.09
2011-06-30,4.33,3.94,4.19,4.1
2011-07-01,3.87,4.76,4.54,5.0
2011-07-05,5.31,4.88,5.03,4.84
2011-07-06,4.61,4.39,4.17,4.55
2011-07-07,4.8,4.7,4.61,5.31
2011-07-08,4.67,4.57,4.84,4.77
2011-07-11,4.03,3.97,4.27,3.7
2011-07-12,3.27,3.5,4.6,4.16
2011-07-13,4.34,4.62,4.94,4.45
2011-07-14,4.75,4.12,4.37,4.06
2011-07-15,4.91,4.39,4.43,4.06
2011-07-18,4.06,3.33,3.56,2.99
2011-07-19,3.18,2.71,1.71,1.74
2011-07-20,1.71,1.45,1.31,1.28
2011-07-21,1.86,1.91,2.35,2.07
2011-07-22,2.95,4.2,2.9,4.61
2011-07-25,3.57,3.57,3.57,3.9
2011-07-26,3.03,3.87,4.06,3.72
2011-07-27,5.47,5.52,5.97,5.88
2011-07-28,6.16,5.16,5.79,3.84
2011-07-29,3.57,3.59,3.8,3.92
2011-08-01,4.73,3.12,4.36,3.38
2011-08-02,3.12,3.05,2.79,2.23
2011-08-03,2.56,2.44,2.55,2.81
2011-08-04,1.93,0.68,2.05,0.4
2011-08-05,1.49,-0.82,1.38,-0.26
2011-08-08,-1.25,-3.29,-1.13,-3.52
2011-08-09,-1.75,-2.92,0.47,0.87
2011-08-10,-0.26,-2.96,-0.89,-3.53
2011-08-11,-2.92,-3.23,0.73,0.08
2011-08-12,-0.06,-1.18,-2.19,-3.01
2011-08-15,-1.27,-1.48,-1.49,-0.65
2011-08-16,-1.54,-1.41,-1.38,-0.99
2011-08-17,-0.24,1.69,-0.18,1.3
2011-08-18,-0.67,-1.73,-0.74,-2.21
2011-08-19,-2.3,-3.01,-2.47,-3.27
2011-08-22,-2.0,-2.78,-1.91,-2.68
2011-08-23,-2.35,-1.61,-0.44,0.44
2011-08-24,-0.25,-0.53,-0.17,-0.15
2011-08-25,0.73,-0.98,0.98,-1.3
2011-08-26,-1.34,-2.38,0.03,0.29
2011-08-29,0.86,0.96,1.69,2.12
2011-08-30,2.04,1.84,2.12,1.88
2011-08-31,3.0,2.99,2.86,3.53
2011-09-01,3.68,4.09,3.3,2.33
2011-09-02,1.82,1.42,2.17,1.13
2011-09-06,0.48,0.64,1.2,1.34
2011-09-07,2.38,2.28,3.27,3.9
2011-09-08,2.69,2.84,3.27,3.04
2011-09-09,1.91,0.83,1.58,0.77
2011-09-12,-0.47,-0.94,-0.27,-0.24
2011-09-13,0.1,-0.71,-0.21,-0.22
2011-09-14,0.36,-0.68,0.0,-0.43
2011-09-15,0.27,-0.19,0.22,-0.31
2011-09-16,-0.13,-0.01,0.1,0.49
2011-09-19,-0.5,-0.53,-0.85,-0.79
2011-09-20,-0.75,-0.37,-0.18,-0.77
2011-09-21,-1.15,-3.55,-0.94,-3.93
2011-09-22,-4.8,-4.97,-5.11,-5.18
2011-09-23,-6.03,-5.86,-5.41,-6.14
2011-09-26,-5.55,-6.34,-6.02,-5.72
2011-09-27,-3.96,-5.79,-4.65,-5.66
2011-09-28,-5.94,-6.06,-5.69,-6.32
2011-09-29,-5.45,-5.29,-4.94,-4.09
2011-09-30,-5.55,-5.0,-4.44,-5.19
2011-10-03,-5.43,-6.69,-5.43,-7.51
2011-10-04,-7.75,-9.24,-7.19,-7.02
2011-10-05,-7.3,-7.08,-5.59,-5.36
2011-10-06,-5.21,-5.63,-4.94,-4.63
2011-10-07,-3.84,-5.48,-4.12,-5.54
2011-10-10,-3.54,-3.03,-2.54,-2.17
2011-10-11,-2.87,-2.21,-1.92,-1.75
2011-10-12,-1.7,-1.45,-1.38,-1.53
2011-10-13,-2.79,-2.9,-2.86,-2.91
2011-10-14,-2.14,-2.85,-2.27,-2.3
2011-10-17,-2.59,-3.66,-3.06,-3.7
2011-10-18,-3.87,-3.85,-1.92,-2.16
2011-10-19,-2.13,-2.13,-0.52,-1.34
2011-10-20,-1.55,-1.43,0.34,0.72
2011-10-21,1.16,2.08,2.53,3.39
2011-10-24,3.69,3.61,4.03,3.06
2011-10-25,2.42,2.33,2.72,2.53
2011-10-26,5.78,3.91,4.53,4.2
2011-10-27,3.85,3.89,5.91,6.09
2011-10-28,4.85,4.77,5.91,5.5
2011-10-31,4.43,4.59,4.87,3.7
2011-11-01,1.87,1.72,2.42,1.51
2011-11-02,3.29,3.41,3.62,3.31
2011-11-03,3.84,3.6,4.05,4.89
2011-11-04,4.15,4.11,4.01,4.41
2011-11-07,4.25,4.35,3.61,3.64
2011-11-08,3.85,3.23,3.51,3.38
2011-11-09,1.41,1.26,1.56,1.06
2011-11-10,1.84,1.35,1.85,1.81
2011-11-11,3.31,3.16,3.25,3.35
2011-11-14,2.88,2.53,2.96,2.52
2011-11-15,2.7,2.63,2.88,2.71
2011-11-16,1.94,1.57,2.0,1.1
2011-11-17,0.73,-1.07,0.18,-1.49
2011-11-18,-1.5,-1.14,-0.9,-0.94
2011-11-21,-1.3,-2.09,-2.01,-1.61
2011-11-22,-1.52,-1.9,-2.07,-2.55
2011-11-23,-2.05,-2.95,-3.1,-3.53
2011-11-25,-3.69,-2.99,-3.05,-2.31
2011-11-28,-1.01,-1.69,-1.4,-1.08
2011-11-29,-1.02,-0.32,-0.84,-0.26
2011-11-30,1.39,1.37,2.69,2.7
2011-12-01,3.08,2.83,3.05,2.61
2011-12-02,2.72,2.71,3.63,2.64
2011-12-05,2.5,3.26,3.77,3.45
2011-12-06,4.3,4.8,5.3,5.99
2011-12-07,5.55,5.12,5.46,5.53
2011-12-08,5.11,4.31,4.88,4.37
2011-12-09,5.14,5.27,4.81,4.88
2011-12-12,3.99,3.79,3.76,3.56
2011-12-13,4.32,2.12,3.56,2.37
2011-12-14,2.66,2.96,3.27,2.78
2011-12-15,3.4,3.07,3.25,2.97
2011-12-16,3.66,2.63,2.4,2.01
2011-12-19,2.1,1.82,2.46,1.58
2011-12-20,2.32,2.32,2.31,1.98
2011-12-21,1.89,2.45,3.08,3.44
2011-12-22,3.62,3.4,3.62,3.7
2011-12-23,3.95,4.81,4.25,5.17
2011-12-27,4.99,5.25,5.4,5.3
2011-12-28,4.69,4.34,4.34,3.81
2011-12-29,4.61,5.0,4.93,4.93
2011-12-30,5.91,5.73,5.68,5.63
2012-01-03,7.4,6.09,5.87,5.51
2012-01-04,5.04,4.55,4.58,4.64
2012-01-05,3.96,3.95,4.4,5.09
2012-01-06,5.12,5.24,5.34,5.46
2012-01-09,5.59,6.06,6.04,6.66
2012-01-10,6.55,6.82,6.99,6.93
2012-01-11,6.48,6.17,6.63,6.01
2012-01-12,5.83,5.29,4.84,4.83
2012-01-13,3.36,3.49,3.67,3.98
2012-01-17,5.55,4.75,4.96,4.47
2012-01-18,4.39,4.04,3.62,4.21
2012-01-19,2.78,2.37,2.38,2.55
2012-01-20,2.99,3.92,3.93,5.54
2012-01-23,5.68,4.75,5.26,4.82
2012-01-24,3.35,4.81,3.68,4.88
2012-01-25,4.73,4.4,4.66,5.17
2012-01-26,5.35,4.7,4.8,4.36
2012-01-27,4.73,4.61,4.53,5.31
2012-01-30,3.92,6.08,4.24,5.8
2012-01-31,7.4,9.94,7.72,10.62
2012-02-01,11.0,12.4,9.55,9.25
2012-02-02,10.16,12.94,10.43,13.13
2012-02-03,12.85,12.92,9.87,10.79
2012-02-06,9.99,10.63,10.05,10.25
2012-02-07,9.15,9.33,10.3,10.01
2012-02-08,10.93,10.41,10.65,10.3
2012-02-09,9.8,9.85,9.76,9.63
2012-02-10,11.07,11.84,10.56,12.01
2012-02-13,12.92,13.42,13.0,13.96
2012-02-14,12.49,13.26,12.32,13.7
2012-02-15,13.84,13.08,11.96,10.97
2012-02-16,11.24,11.37,10.32,10.61
2012-02-17,10.29,12.3,10.04,12.19
2012-02-21,12.61,13.8,11.37,11.59
2012-02-22,10.79,9.53,9.38,8.08
2012-02-23,8.41,9.09,8.95,9.19
2012-02-24,8.97,9.02,9.07,8.55
2012-02-27,8.23,8.68,8.3,9.11
2012-02-28,10.43,9.54,9.2,9.88
2012-02-29,11.67,11.28,10.73,10.22
2012-03-01,9.39,9.43,8.63,8.22
2012-03-02,8.72,8.62,8.06,8.6
2012-03-05,9.02,10.35,9.36,11.17
2012-03-06,11.23,11.16,10.96,9.77
2012-03-07,9.5,10.13,9.71,10.01
2012-03-08,10.03,10.44,9.94,10.17
2012-03-09,9.25,10.06,9.3,9.85
2012-03-12,9.44,9.87,9.44,8.96
2012-03-13,10.66,10.38,10.36,10.24
2012-03-14,10.02,9.83,9.47,10.11
2012-03-15,10.11,12.6,10.52,13.13
2012-03-16,14.38,13.46,13.27,12.75
2012-03-19,12.8,12.91,13.03,13.54
2012-03-20,12.55,13.0,12.63,12.7
2012-03-21,11.89,13.05,11.76,12.89
2012-03-22,12.16,12.62,12.65,12.68
2012-03-23,12.1,12.1,11.44,11.03
2012-03-26,12.58,12.51,12.39,13.56
2012-03-27,13.74,14.33,13.03,14.33
2012-03-28,14.43,15.72,13.73,13.75
2012-03-29,13.24,13.39,11.93,12.06
2012-03-30,12.68,12.9,12.0,11.63
2012-04-02,11.29,12.89,12.55,13.86
2012-04-03,12.39,11.69,11.63,10.84
2012-04-04,10.96,10.88,10.57,10.7
2012-04-05,9.91,10.29,9.92,10.39
2012-04-09,10.44,10.33,9.82,9.84
2012-04-10,8.92,9.36,8.99,8.41
2012-04-11,9.47,9.89,9.47,10.44
2012-04-12,10.3,10.11,8.53,8.99
2012-04-13,8.65,7.5,6.11,5.62
2012-04-16,5.97,5.94,4.5,4.47
2012-04-17,4.08,3.52,2.74,2.77
2012-04-18,2.26,1.96,1.1,1.78
2012-04-19,2.58,4.15,4.49,5.84
2012-04-20,2.46,4.49,3.0,4.3
2012-04-23,3.45,3.45,1.08,1.17
2012-04-24,2.42,2.84,2.09,2.38
2012-04-25,3.69,2.39,2.72,3.8
2012-04-26,5.38,6.06,5.94,7.54
2012-04-27,6.34,5.15,5.0,4.56
2012-04-30,4.05,4.51,3.87,3.28
2012-05-01,4.79,4.93,4.99,4.72
2012-05-02,4.72,4.8,4.7,4.6
2012-05-03,4.96,5.07,4.56,4.27
2012-05-04,5.63,6.02,5.76,6.18
2012-05-07,4.93,4.98,5.4,6.03
2012-05-08,4.6,4.25,4.8,4.58
2012-05-09,2.75,3.39,4.74,4.97
2012-05-10,5.49,5.64,5.62,5.63
2012-05-11,6.09,6.36,6.65,7.52
2012-05-14,6.82,8.61,7.13,8.39
2012-05-15,7.74,7.69,7.83,7.78
2012-05-16,8.55,9.34,9.005,8.91
2012-05-17,8.92,7.67,8.93,7.62
2012-05-18,8.75,7.27,8.64,7.45
2012-05-21,8.04,7.89,7.71,7.79
2012-05-22,6.4,6.66,6.96,6.3
2012-05-23,5.93,5.53,6.6,6.85
2012-05-24,5.3,4.96,3.65,3.71
2012-05-25,3.66,4.63,4.41,4.58
2012-05-29,4.5,4.66,3.81,5.05
2012-05-30,4.31,3.27,3.04,2.75
2012-05-31,2.33,2.55,2.12,2.09
2012-06-01,1.57,0.9,1.22,-0.07
2012-06-04,0.09,1.25,0.23,1.32
2012-06-05,0.68,0.75,1.14,0.97
2012-06-06,2.13,2.56,3.33,3.92
2012-06-07,4.21,5.63,4.52,5.39
2012-06-08,5.58,5.25,4.9,5.59
2012-06-11,5.52,4.46,5.53,4.44
2012-06-12,4.0,4.87,4.65,5.35
2012-06-13,5.06,4.76,4.71,4.94
2012-06-14,4.19,4.16,4.41,4.55
2012-06-15,4.86,4.38,3.79,3.49
2012-06-18,3.12,2.92,2.92,2.31
2012-06-19,2.43,2.51,2.69,2.62
2012-06-20,2.9,2.45,2.84,2.4
2012-06-21,2.84,1.56,3.08,1.44
2012-06-22,1.58,1.5,1.97,1.71
2012-06-25,0.65,0.53,0.68,0.61
2012-06-26,-0.52,0.55,0.11,0.93
2012-06-27,1.58,1.59,1.65,2.15
2012-06-28,2.05,2.25,2.46,2.44
2012-06-29,3.86,4.05,3.87,4.1
2012-07-02,4.3,4.3,4.4,4.09
2012-07-03,3.86,3.8,3.99,4.13
2012-07-05,4.41,3.94,4.2,3.78
2012-07-06,2.67,2.89,2.47,2.44
2012-07-09,3.18,3.2,2.875,2.57
2012-07-10,1.92,1.54,2.06,1.3
2012-07-11,1.29,0.79,0.94,0.19
2012-07-12,-0.32,0.02,0.84,0.59
2012-07-13,0.77,0.68,-0.19,0.14
2012-07-16,0.01,0.83,0.16,0.41
2012-07-17,1.45,0.595,1.33,0.91
2012-07-18,0.96,1.08,0.82,0.53
2012-07-19,0.39,0.74,0.86,0.39
2012-07-20,0.71,1.74,0.7,1.32
2012-07-23,0.72,0.96,0.73,0.91
2012-07-24,0.65,0.0999,0.03,-0.43
2012-07-25,-0.3,-0.89,-0.1,-0.19
2012-07-26,0.66,-0.02,0.91,-0.24
2012-07-27,-0.19,-0.2,-0.25,-0.65
2012-07-30,-0.2,0.19,0.16,0.57
2012-07-31,0.88,0.66,-0.68,-0.7
2012-08-01,-0.53,-0.15,0.02,-0.49
2012-08-02,-0.99,-1.41,-0.89,-1.01
2012-08-03,0.37,0.87,0.78,0.58
2012-08-06,0.15,0.26,0.26,-0.25
2012-08-07,0.05,-0.01,0.23,-0.39
2012-08-08,-1.1,-0.03,-0.175,0.36
2012-08-09,0.11,-0.04,-0.05,-0.08
2012-08-10,-1.1,-0.92,-0.89,-0.84
2012-08-13,-1.28,-1.2,-1.32,-1.54
2012-08-14,-1.29,-0.59,-1.21,-0.48
2012-08-15,-0.5,-0.51,-0.03,-0.44
2012-08-16,-0.83,-0.4,-0.62,0.08
2012-08-17,0.99,0.54,0.71,0.63
2012-08-20,0.2,1.49,1.11,1.99
2012-08-21,2.01,1.98,1.9,2.42
2012-08-22,2.26,2.21,1.63,1.89
2012-08-23,1.99,2.0,1.72,1.67
2012-08-24,1.68,1.93,1.81,1.48
2012-08-27,2.15,2.48,1.57,2.29
2012-08-28,2.0,2.26,2.2,2.33
2012-08-29,1.95,2.36,1.99,2.15
2012-08-30,1.68,1.81,2.05,1.84
2012-08-31,2.29,1.885,1.97,1.91
2012-09-04,1.1,1.61,1.68,1.95
2012-09-05,1.94,1.66,1.3,0.98
2012-09-06,1.51,1.86,1.33,1.76
2012-09-07,2.01,2.715,2.03,2.8
2012-09-10,3.17,2.73,1.73,1.57
2012-09-11,1.56,1.8,1.15,1.15
2012-09-12,1.04,1.44,1.44,1.89
2012-09-13,2.58,2.39,3.35,4.2
2012-09-14,3.43,3.76,4.68,4.28
2012-09-17,3.76,3.15,2.85,2.23
2012-09-18,2.36,2.67,2.84,3.41
2012-09-19,4.0,3.56,3.54,2.86
2012-09-20,2.99,2.7,3.2201,3.22
2012-09-21,3.22,2.96,3.09,2.73
2012-09-24,2.55,2.42,1.76,1.88
2012-09-25,2.39,2.26,2.33,2.03
2012-09-26,2.33,2.2,2.24,1.78
2012-09-27,2.4,2.09,2.16,2.35
2012-09-28,2.79,2.84,3.41,3.35
2012-10-01,3.68,4.34,4.89,5.38
2012-10-02,4.94,5.32,5.13,4.95
2012-10-03,5.2,5.2,4.51,4.34
2012-10-04,4.95,5.965,5.39,6.3
2012-10-05,6.47,6.29,5.93,5.69
2012-10-08,5.19,5.56,5.17,5.11
2012-10-09,5.54,5.24,5.57,5.09
2012-10-10,4.74,4.61,2.84,2.7
2012-10-11,2.94,2.45,2.65,2.65
2012-10-12,3.2,2.635,3.31,2.51
2012-10-15,2.75,2.83,2.23,2.43
2012-10-16,2.47,3.73,2.87,2.75
2012-10-17,3.5,3.36,2.32,2.33
2012-10-18,2.85,3.9,4.85,5.34
2012-10-19,5.34,4.38,5.42,4.55
2012-10-22,2.58,2.77,3.81,4.13
2012-10-23,3.19,3.11,3.42,3.42
2012-10-24,3.0,2.89,4.43,2.74
2012-10-25,3.12,3.17,3.4899,3.57
2012-10-26,4.0,3.89,3.4584,2.9
2012-10-31,2.91,3.08,2.95,2.83
2012-11-01,5.49,4.4,3.72,3.06
2012-11-02,2.73,1.43,2.15,1.54
2012-11-05,2.34,1.76,1.5,1.66
2012-11-06,2.37,2.33,3.26,3.56
2012-11-07,2.7,2.18,2.43,2.22
2012-11-08,2.13,2.44,2.375,2.76
2012-11-09,2.51,4.0,3.57,4.73
2012-11-12,3.68,5.38,3.91,5.53
2012-11-13,4.93,4.87,4.86,4.15
2012-11-14,3.95,3.71,3.72,3.57
2012-11-15,3.91,4.51,4.34,3.86
2012-11-16,3.71,3.78,4.1,4.06
2012-11-19,4.71,4.46,4.97,5.02
2012-11-20,4.78,4.88,5.03,5.21
2012-11-21,5.53,6.03,5.77,6.78
2012-11-23,7.06,7.54,7.03,7.47
2012-11-26,7.85,8.35,7.61,8.76
2012-11-27,7.26,7.79,8.65,8.42
2012-11-28,8.28,8.34,8.42,8.65
2012-11-29,8.3,8.33,7.51,7.29
2012-11-30,6.33,6.45,6.1,6.68
2012-12-03,7.13,7.46,7.06,6.38
2012-12-04,6.03,7.87,6.39,8.01
2012-12-05,8.08,8.21,8.33,8.22
2012-12-06,8.6,9.06,8.618,9.32
2012-12-07,9.3,8.99,8.34,8.36
2012-12-10,7.77,8.01,8.07,8.07
2012-12-11,8.51,7.76,8.1,7.64
2012-12-12,7.62,7.65,8.21,7.79
2012-12-13,7.35,7.005,7.05,6.77
2012-12-14,6.09,7.63,6.11,7.91
2012-12-17,8.41,8.44,8.74,8.62
2012-12-18,9.74,9.84,9.96,10.61
2012-12-19,10.67,10.2,10.26,9.73
2012-12-20,9.39,9.67,9.76,9.83
2012-12-21,10.02,9.12,9.29,7.77
2012-12-24,5.97,6.5,6.18,5.92
2012-12-26,5.84,5.83,5.55,5.56
2012-12-27,5.88,4.83,5.3,4.69
2012-12-28,4.29,5.39,4.8,5.45
2012-12-31,6.03,6.14,6.89,7.27
2013-01-02,8.67,8.56,9.075,9.46
2013-01-03,9.42,10.4,9.46,10.96
2013-01-04,11.28,11.65,11.35,12.04
2013-01-07,11.94,11.13,10.32,9.8
2013-01-08,9.24,8.19,8.36,7.18
2013-01-09,7.69,8.08,8.15,8.43
2013-01-10,8.62,9.625,9.47,10.04
2013-01-11,10.43,10.54,10.25,10.56
2013-01-14,10.5,10.892,10.52,11.39
2013-01-15,11.35,11.88,12.24,12.64
2013-01-16,13.39,13.27,13.21,13.05
2013-01-17,13.09,13.7301,13.34,14.06
2013-01-18,11.81,12.05,10.58,10.93
2013-01-22,10.72,11.54,11.31,12.61
2013-01-23,12.01,11.92,10.8,11.09
2013-01-24,11.56,11.76,11.62,11.76
2013-01-25,12.26,11.7,11.9,11.84
2013-01-28,11.93,11.59,11.33,11.55
2013-01-29,12.05,12.72,12.54,12.38
2013-01-30,10.85,9.51,10.45,10.24
2013-01-31,10.23,10.44,11.04,11.64
2013-02-01,12.3,12.24,12.69,12.38
2013-02-04,12.17,11.69,11.465,11.2
2013-02-05,11.38,10.46,12.44,12.54
2013-02-06,12.61,12.63,12.83,12.87
2013-02-07,13.16,12.66,13.104,12.79
2013-02-08,12.42,12.89,13.34,13.89
2013-02-11,13.56,13.2,13.23,13.5
2013-02-12,13.57,13.472,13.68,13.61
2013-02-13,13.39,13.39,13.15,13.2
2013-02-14,12.92,12.91,12.58,12.35
2013-02-15,12.54,12.6,12.46,12.37
2013-02-19,12.69,12.55,12.59,12.65
2013-02-20,12.83,12.07,13.14,11.85
2013-02-21,12.11,11.89,11.81,11.9
2013-02-22,12.25,12.6,12.48,12.78
2013-02-25,13.23,10.99,12.7,10.55
2013-02-26,10.88,11.19,11.41,11.39
2013-02-27,11.59,11.55,12.05,12.25
2013-02-28,11.7,11.915,11.86,11.66
2013-03-01,11.53,11.1,11.0,11.08
2013-03-04,10.64,11.02,11.04,11.45
2013-03-05,11.47,11.47,11.96,11.62
2013-03-06,11.73,11.575,11.91,11.59
2013-03-07,11.56,11.88,11.7699,11.81
2013-03-08,12.44,12.12,12.11,11.89
2013-03-11,11.7,11.78,11.64,11.79
2013-03-12,11.92,12.192,11.47,11.0
2013-03-13,11.7,11.55,10.8,11.57
2013-03-14,11.79,12.401,12.05,12.67
2013-03-15,12.33,12.17,11.82,11.41
2013-03-18,10.63,11.27,11.36,11.51
2013-03-19,12.01,12.0701,11.7399,11.42
2013-03-20,11.58,12.15,11.965,12.52
2013-03-21,12.25,12.1,12.245,11.61
2013-03-22,11.61,12.575,11.65,12.77
2013-03-25,13.26,13.06,13.01,13.26
2013-03-26,12.57,12.63,12.71,12.76
2013-03-27,12.61,12.82,12.55,12.74
2013-03-28,12.64,12.23,11.88,12.03
2013-04-01,12.01,11.685,12.02,11.64
2013-04-02,11.93,11.68,11.97,11.59
2013-04-03,11.23,10.335,10.99,10.15
2013-04-04,9.97,10.19,10.61,10.93
2013-04-05,10.07,10.21,10.79,10.91
2013-04-08,10.86,11.48,11.82,12.6
2013-04-09,12.99,12.79,13.35,12.99
2013-04-10,12.77,12.86,12.91,12.99
2013-04-11,13.31,14.145,14.13,14.9
2013-04-12,14.38,14.06,14.26,14.32
2013-04-15,13.69,10.8,12.83,10.11
2013-04-16,10.69,10.32,10.62,10.58
2013-04-17,9.39,8.73,7.52,7.21
2013-04-18,7.59,8.0,7.29,7.82
2013-04-19,9.09,8.94,8.06,8.14
2013-04-22,9.39,9.12,9.16,9.02
2013-04-23,10.12,10.16,9.9,10.26
2013-04-24,10.25,9.99,9.7701,9.53
2013-04-25,9.95,10.51,10.0516,10.15
2013-04-26,10.77,10.58,10.46,10.29
2013-04-29,10.04,10.74,9.785,10.59
2013-04-30,10.45,11.65,10.535,11.64
2013-05-01,11.08,11.4,11.38,10.37
2013-05-02,10.58,10.5801,9.48,9.61
2013-05-03,11.4,11.97,11.47,12.02
2013-05-06,12.21,12.18,12.31,12.66
2013-05-07,12.96,13.05,12.66,13.24
2013-05-08,13.51,14.09,14.11,14.71
2013-05-09,14.96,14.5501,14.52,14.91
2013-05-10,14.84,15.01,14.7,15.5
2013-05-13,15.3,15.091,14.22,14.69
2013-05-14,14.66,15.36,15.29,15.32
2013-05-15,14.6,14.18,13.81,14.47
2013-05-16,14.47,14.12,14.35,13.47
2013-05-17,13.92,13.34,14.07,12.93
2013-05-20,12.41,11.8,12.06,11.24
2013-05-21,11.73,11.35,11.95,11.03
2013-05-22,12.34,11.65,11.46,11.13
2013-05-23,10.88,10.78,10.61,10.12
2013-05-24,9.55,9.5,9.98,10.16
2013-05-28,11.13,10.33,11.25,10.28
2013-05-29,9.66,9.43,9.58,9.89
2013-05-30,10.09,9.94,10.64,10.73
2013-05-31,10.88,10.14,10.37,9.37
2013-06-03,9.31,8.15,9.172,8.03
2013-06-04,7.8,7.87,8.12,7.82
2013-06-05,7.94,7.41,7.51,7.03
2013-06-06,6.95,7.74,8.02,9.1
2013-06-07,9.55,8.72,8.47,9.0
2013-06-10,9.38,9.865,9.62,10.47
2013-06-11,9.93,10.21,10.36,10.11
2013-06-12,9.78,8.25,8.8,7.42
2013-06-13,7.19,7.34,8.33,8.44
2013-06-14,8.03,7.58,8.1,7.56
2013-06-17,8.23,8.08,7.93,7.87
2013-06-18,8.28,9.5,8.56,10.09
2013-06-19,10.38,8.76,9.99,8.46
2013-06-20,7.57,6.65,7.68,6.48
2013-06-21,6.84,6.98,6.82,6.53
2013-06-24,6.34,5.85,6.73,6.82
2013-06-25,7.45,7.43,6.86,6.58
2013-06-26,6.33,6.74,7.07,6.81
2013-06-27,6.93,6.89,7.26,7.3
2013-06-28,7.01,6.95,7.56,7.16
2013-07-01,7.97,8.62,8.195,8.45
2013-07-02,8.72,9.02,9.05,8.99
2013-07-03,8.44,8.26,8.44,8.36
2013-07-05,8.78,8.18,8.01,8.08
2013-07-08,8.26,8.44,8.75,8.71
2013-07-09,9.56,9.288,9.28,9.35
2013-07-10,9.74,8.67,8.82,8.33
2013-07-11,9.86,9.12,9.71,9.33
2013-07-12,9.14,9.57,10.1,10.27
2013-07-15,10.62,10.48,10.61,10.49
2013-07-16,10.1,9.405,9.46,8.37
2013-07-17,9.0,9.27,9.49,9.58
2013-07-18,9.49,9.49,9.84,9.95
2013-07-19,9.16,9.21,9.26,9.4
2013-07-22,8.91,9.87,10.01,10.92
2013-07-23,10.98,8.51,10.1,8.29
2013-07-24,9.51,8.74,10.38,7.98
2013-07-25,7.56,7.03,7.1,7.1
2013-07-26,6.07,6.1,5.8,6.74
2013-07-29,7.43,7.12,7.18,7.29
2013-07-30,7.61,7.73,6.7,5.67
2013-07-31,6.52,6.25,6.28,5.77
2013-08-01,6.52,7.2,6.806,7.09
2013-08-02,7.1,6.6882,6.09,5.75
2013-08-05,6.0,5.13,5.5,4.55
2013-08-06,4.61,3.498,3.99,3.28
2013-08-07,3.1,2.97,3.195,3.11
2013-08-08,3.98,3.45,3.8,3.43
2013-08-09,3.16,3.19,3.44,3.24
2013-08-12,2.78,2.64,3.18,2.87
2013-08-13,2.82,3.23,3.18,4.38
2013-08-14,4.25,4.36,4.28,4.39
2013-08-15,3.09,2.4,3.124,2.95
2013-08-16,2.87,5.03,3.61,5.13
2013-08-19,4.49,4.27,4.2,3.84
2013-08-20,4.19,3.99,4.02,3.67
2013-08-21,3.62,3.33,4.17,3.97
2013-08-22,4.14,4.42,5.14,4.93
2013-08-23,5.24,4.65,4.922,4.66
2013-08-26,4.3,3.53,3.42,3.01
2013-08-27,1.66,1.89,1.92,1.79
2013-08-28,1.49,1.12,1.4701,1.32
2013-08-29,0.86,1.09,1.69,1.28
2013-08-30,1.42,0.76,1.06,0.38
2013-09-03,1.33,0.608,0.68,0.24
2013-09-04,0.39,0.17,0.24,-0.37
2013-09-05,-0.53,-0.501,-0.36,-0.87
2013-09-06,-0.34,-1.15,-0.01,-0.07
2013-09-09,0.87,0.83,1.31,1.79
2013-09-10,2.27,1.9799,2.0209,2.27
2013-09-11,1.68,1.84,3.545,3.77
2013-09-12,4.02,3.29,3.525,3.36
2013-09-13,3.41,3.3351,3.63,3.35
2013-09-16,4.35,4.06,4.01,3.93
2013-09-17,4.37,4.66,4.5,4.51
2013-09-18,5.08,4.97,5.95,6.01
2013-09-19,6.05,6.515,6.43,6.38
2013-09-20,6.34,6.395,6.6,6.29
2013-09-23,5.67,5.55,5.7,5.38
2013-09-24,5.1,6.26,6.16,6.65
2013-09-25,6.61,6.41,6.28,6.21
2013-09-26,7.08,6.21,6.16,5.69
2013-09-27,5.49,5.16,4.528,4.28
2013-09-30,2.85,2.78,2.72,3.03
2013-10-01,3.14,3.42,3.45,3.08
2013-10-02,2.48,2.05,1.85,2.22
2013-10-03,2.01,0.98,2.01,0.3
2013-10-04,0.53,3.27,1.14,4.07
2013-10-07,2.8,2.9,2.97,2.6
2013-10-08,3.1,2.59,3.11,2.25
2013-10-09,2.39,2.38,2.5,2.67
2013-10-10,3.63,3.77,4.02,4.14
2013-10-11,3.92,4.26,4.609,4.83
2013-10-14,3.2,3.76,2.81,4.5
2013-10-15,3.81,4.47,4.26,4.25
2013-10-16,4.4,4.91,6.01,6.25
2013-10-17,5.81,6.23,7.16,7.96
2013-10-18,7.44,7.442,7.645,8.05
2013-10-21,8.12,8.46,8.535,8.34
2013-10-22,9.2,9.49,9.05,9.5
2013-10-23,6.83,7.1499,9.38,7.64
2013-10-24,7.36,7.24,7.12,6.84
2013-10-25,6.86,6.26,6.3,5.46
2013-10-28,5.37,5.215,4.72,4.43
2013-10-29,4.77,4.62,4.3,4.13
2013-10-30,4.45,4.4599,4.35,4.46
2013-10-31,4.5,4.47,4.42,3.84
2013-11-01,4.02,4.039,4.46,4.44
2013-11-04,4.67,4.57,3.88,3.86
2013-11-05,3.95,4.2,4.015,3.94
2013-11-06,4.34,4.75,4.76,5.67
2013-11-07,5.13,6.05,5.19,5.75
2013-11-08,6.06,6.39,6.44,7.24
2013-11-11,7.42,8.36,7.59,8.51
2013-11-12,8.29,6.63,7.79,6.86
2013-11-13,7.18,7.55,7.67,8.19
2013-11-14,8.81,8.77,8.55,8.52
2013-11-15,7.67,8.93,7.89,9.19
2013-11-18,9.71,9.67,9.91,9.31
2013-11-19,8.81,8.988,8.4,8.45
2013-11-20,8.52,7.91,8.19,8.17
2013-11-21,8.64,9.93,12.119,12.95
2013-11-22,12.9,12.86,13.45,13.8
2013-11-25,14.21,14.47,14.22,14.61
2013-11-26,14.39,14.59,14.21,13.61
2013-11-27,12.85,13.66,13.66,13.27
2013-11-29,13.4,13.1,13.76,12.55
2013-12-02,13.18,12.43,12.72,12.36
2013-12-03,11.61,12.35,11.76,13.08
2013-12-04,12.97,12.35,12.46,11.27
2013-12-05,10.96,11.18,10.98,11.54
2013-12-06,11.95,12.25,12.51,12.44
2013-12-09,12.38,11.73,12.1,11.44
2013-12-10,11.05,12.625,11.3899,12.74
2013-12-11,13.43,13.35,13.27,13.42
2013-12-12,12.88,13.69,13.16,13.42
2013-12-13,14.24,14.45,13.66,13.47
2013-12-16,13.04,13.12,13.2675,12.82
2013-12-17,12.08,11.46,10.7999,10.2
2013-12-18,10.22,9.69,10.51,10.52
2013-12-19,10.61,10.93,10.47,10.88
2013-12-20,10.55,10.704,11.135,11.42
2013-12-23,12.11,12.33,11.63,12.77
2013-12-24,12.96,12.955,12.82,13.07
2013-12-26,12.35,12.93,12.73,12.57
2013-12-27,12.54,11.98,11.33,11.15
2013-12-30,10.44,10.93,10.76,10.54
2013-12-31,10.91,12.06,11.41,11.78
2014-01-02,9.82,9.45,10.43,9.43
2014-01-03,9.63,8.95,8.58,7.94
2014-01-06,8.79,7.6,8.56,7.36
2014-01-07,7.17,7.105,7.05,7.05
2014-01-08,6.6,5.09,6.07,4.8
2014-01-09,4.97,3.96,4.2,3.64
2014-01-10,4.41,3.83,4.29,3.93
2014-01-13,3.84,2.26,3.08,1.34
2014-01-14,1.31,3.64,2.47,4.47
2014-01-15,4.32,5.98,3.72,6.11
2014-01-16,6.23,6.12,5.7,4.87
2014-01-17,5.16,5.455,5.26,4.77
2014-01-21,4.88,4.4,5.16,4.58
2014-01-22,4.45,4.91,4.47,4.68
2014-01-23,4.57,2.79,4.29,2.8
2014-01-24,2.01,0.23,1.55,-0.14
2014-01-27,-0.18,0.3028,1.48,1.1
2014-01-28,1.26,2.42,2.58,3.61
2014-01-29,2.94,3.29,3.58,3.93
2014-01-30,4.65,4.82,5.195,5.37
2014-01-31,3.63,3.95,3.95,3.94
2014-02-03,3.62,2.99,3.69,2.86
2014-02-04,3.72,3.54,3.36,3.02
2014-02-05,2.67,3.34,2.9778,2.9
2014-02-06,3.2,2.95,3.44,2.95
2014-02-07,4.44,4.8,4.656,4.96
2014-02-10,4.47,4.49,4.52,5.48
2014-02-11,6.06,6.35,7.3,7.94
2014-02-12,7.27,6.93,6.74,6.27
2014-02-13,5.78,6.23,5.87,6.78
2014-02-14,6.86,6.865,6.14,6.37
2014-02-18,6.51,7.0,6.82,7.02
2014-02-19,6.83,6.97,7.359,6.91
2014-02-20,7.82,7.48,8.02,8.33
2014-02-21,8.91,8.99,9.38,9.25
2014-02-24,9.24,9.11,8.93,8.53
2014-02-25,8.41,8.94,8.5,8.81
2014-02-26,7.69,8.12,7.6,7.82
2014-02-27,7.65,7.96,8.09,8.53
2014-02-28,8.82,8.76,9.4,9.68
2014-03-03,8.28,8.74,8.11,8.23
2014-03-04,9.06,8.76,7.93,7.97
2014-03-05,7.49,7.86,7.7591,7.65
2014-03-06,7.83,7.58,6.34,5.93
2014-03-07,6.36,6.65,6.68,6.72
2014-03-10,6.09,6.2099,6.16,6.13
2014-03-11,5.11,5.06,5.33,4.94
2014-03-12,4.61,4.28,4.73,4.71
2014-03-13,5.01,4.39,3.52,3.2
2014-03-14,2.86,2.725,2.54,2.43
2014-03-17,2.74,3.05,2.98,3.79
2014-03-18,4.04,4.4801,4.02,4.87
2014-03-19,5.14,3.69,4.07,3.51
2014-03-20,3.16,2.86,3.1,3.14
2014-03-21,3.42,3.775,5.39,4.59
2014-03-24,5.14,4.63,5.152,4.75
2014-03-25,5.99,5.97,5.67,5.57
2014-03-26,1.27,1.43,4.61,3.67
2014-03-27,3.88,3.98,3.69,3.46
2014-03-28,4.36,5.4,4.21,5.6
2014-03-31,6.37,6.48,6.21,6.18
2014-04-01,6.93,6.57,6.592,6.61
2014-04-02,6.46,7.44,6.66,7.66
2014-04-03,7.43,8.17,7.62,7.97
2014-04-04,7.44,6.495,6.43,5.22
2014-04-07,5.43,4.94,4.551,3.51
2014-04-08,3.96,4.06,3.49,3.29
2014-04-09,4.04,3.84,4.48,5.33
2014-04-10,4.92,4.38,3.68,2.84
2014-04-11,3.6,3.2,2.985,2.41
2014-04-14,3.3,2.758,3.31,2.54
2014-04-15,2.42,2.0,2.43,2.63
2014-04-16,3.01,2.77,2.99,3.57
2014-04-17,5.93,5.56,3.96,4.65
2014-04-21,4.22,3.995,4.12,4.07
2014-04-22,3.92,4.65,4.109,4.9
2014-04-23,4.97,5.175,5.65,5.66
2014-04-24,5.61,5.49,5.58,5.73
2014-04-25,5.47,5.49,5.43,5.35
2014-04-28,5.88,5.66,6.26,6.0
2014-04-29,6.53,6.4,6.61,6.73
2014-04-30,6.57,4.9,6.09,5.84
2014-05-01,5.77,5.88,6.065,5.4
2014-05-02,4.76,5.1,4.98,4.28
2014-05-05,4.4,3.8703,4.38,4.8
2014-05-06,4.47,4.51,4.04,3.6
2014-05-07,3.9,3.58,4.44,4.65
2014-05-08,4.71,6.21,4.94,5.71
2014-05-09,5.78,5.66,5.34,5.36
2014-05-12,5.48,5.48,4.87,4.67
2014-05-13,4.73,4.6,4.78,4.75
2014-05-14,4.5,4.13,4.1,4.27
2014-05-15,4.06,3.682,3.87,3.74
2014-05-16,3.21,4.14,3.53,4.61
2014-05-19,3.86,3.92,1.151,1.34
2014-05-20,1.41,1.07,0.23,0.08
2014-05-21,0.18,0.47,0.51,0.63
2014-05-22,0.95,0.84,0.23,0.32
2014-05-23,0.55,-0.03,-0.32,-0.24
2014-05-27,0.08,0.48,-0.45,0.57
2014-05-28,0.73,0.94,0.68,1.28
2014-05-29,1.88,2.22,1.82,2.15
2014-05-30,2.37,3.06,1.52,2.66
2014-06-02,3.18,3.74,3.1,3.45
2014-06-03,2.34,1.65,1.41,0.9
2014-06-04,0.88,1.51,1.99,2.56
2014-06-05,3.23,2.715,2.8301,3.26
2014-06-06,3.44,4.842,3.66,5.02
2014-06-09,5.42,5.17,4.99,5.42
2014-06-10,4.87,5.38,5.08,5.72
2014-06-11,5.18,4.96,4.8325,5.0
2014-06-12,4.67,4.91,5.0101,4.95
2014-06-13,4.86,5.42,4.07,3.86
2014-06-16,4.21,3.65,3.65,3.27
2014-06-17,2.65,2.686,3.01,3.26
2014-06-18,2.62,2.74,3.04,3.06
2014-06-19,3.19,3.2451,3.51,3.25
2014-06-20,3.82,2.98,5.765,2.34
2014-06-23,2.31,2.4,2.57,2.41
2014-06-24,2.05,1.76,2.26,1.54
2014-06-25,1.04,0.79,0.74,0.68
2014-06-26,1.5,1.9,0.89,1.7
2014-06-27,1.38,1.81,1.68,1.95
2014-06-30,0.91,2.56,1.41,2.61
2014-07-01,3.16,3.92,3.69,4.53
2014-07-02,4.77,5.85,4.9,5.37
2014-07-03,5.44,6.37,5.72,6.25
2014-07-07,5.46,6.55,6.05,6.53
2014-07-08,7.01,7.68,6.67,7.53
2014-07-09,7.91,7.47,6.83,6.97
2014-07-10,5.23,5.71,5.66,6.27
2014-07-11,6.43,6.59,6.51,7.3
2014-07-14,7.9,7.915,7.935,7.69
2014-07-15,7.79,8.8,7.76,8.74
2014-07-16,8.86,8.53,8.48,8.65
2014-07-17,8.12,9.26,8.73,9.12
2014-07-18,9.04,10.94,9.93,11.89
2014-07-21,11.49,10.979,9.945,10.56
2014-07-22,10.21,9.29,8.55,8.74
2014-07-23,9.9,10.87,10.79,10.41
2014-07-24,9.98,10.16,9.66,9.65
2014-07-25,10.61,9.885,10.13,9.68
2014-07-28,9.77,10.28,9.6,10.71
2014-07-29,10.25,10.08,10.03,9.84
2014-07-30,10.16,9.0,9.3122,8.59
2014-07-31,8.05,7.04,7.62,6.61
2014-08-01,5.7,6.05,6.08,5.61
2014-08-04,6.01,5.7,5.34,5.07
2014-08-05,4.51,4.38,3.53,3.14
2014-08-06,3.45,3.83,3.76,4.43
2014-08-07,5.54,4.74,4.34,3.84
2014-08-08,3.97,3.745,3.66,3.35
2014-08-11,3.25,3.1,3.168,2.97
2014-08-12,3.17,3.61,3.571,4.67
2014-08-13,5.22,5.45,4.99,5.43
2014-08-14,5.37,5.55,5.46,6.09
2014-08-15,6.47,5.77,6.03,6.71
2014-08-18,7.13,7.46,7.39,7.68
2014-08-19,8.15,8.2,7.82,8.13
2014-08-20,7.98,7.75,7.54,7.62
2014-08-21,7.59,7.36,7.38,7.43
2014-08-22,8.39,8.82,8.56,8.34
2014-08-25,7.74,7.79,7.87,7.81
2014-08-26,7.92,7.95,7.958,7.96
2014-08-27,7.6,7.9,7.48,7.75
2014-08-28,7.12,7.904,7.64,8.35
2014-08-29,9.03,8.26,8.44,8.53
2014-09-02,8.56,9.07,8.75,9.29
2014-09-03,9.94,9.57,9.65,8.92
2014-09-04,8.84,8.78,9.17,8.3
2014-09-05,8.45,8.15,8.14,8.35
2014-09-08,8.02,7.94,7.75,7.36
2014-09-09,7.0,6.5799,6.86,6.31
2014-09-10,6.25,7.51,6.38,7.55
2014-09-11,7.34,7.74,7.27,7.03
2014-09-12,6.56,6.585,4.87,5.63
2014-09-15,5.15,6.07,6.18,6.59
2014-09-16,6.01,6.46,6.96,6.77
2014-09-17,11.15,10.766,7.4,8.33
2014-09-18,8.9,9.09,9.78,9.8
2014-09-19,9.75,9.35,9.74,9.11
2014-09-22,7.85,8.0,7.99,7.56
2014-09-23,7.35,6.93,7.118,6.34
2014-09-24,6.47,6.68,7.47,7.77
2014-09-25,6.83,6.57,6.8,6.52
2014-09-26,5.55,6.295,6.5,7.43
2014-09-29,6.53,6.84,6.54,7.23
2014-09-30,6.71,6.55,7.17,7.08
2014-10-01,6.97,6.17,5.94,4.7
2014-10-02,4.72,4.93,5.38,6.04
2014-10-03,5.78,6.43,6.625,7.13
2014-10-06,7.14,7.19,6.81,6.69
2014-10-07,6.74,6.08,6.13,5.02
2014-10-08,4.4,4.93,5.439,5.38
2014-10-09,5.29,4.0,5.08,3.98
2014-10-10,4.11,4.335,5.21,4.09
2014-10-13,3.67,2.47,4.311,2.17
2014-10-14,2.6,2.48,2.978,2.76
2014-10-15,1.31,-0.1725,1.3,0.99
2014-10-16,-0.97,-0.2,1.16,1.33
2014-10-17,1.46,2.46,2.43,3.17
2014-10-20,2.31,2.58,2.47,2.5
2014-10-21,2.7,4.42,4.04,4.38
2014-10-22,5.29,3.98,5.25,3.83
2014-10-23,5.08,3.34,4.09,3.34
2014-10-24,3.43,4.1597,4.57,4.7
2014-10-27,4.53,4.82,5.91,6.29
2014-10-28,6.46,6.38,5.65,5.87
2014-10-29,5.95,5.68,5.915,6.25
2014-10-30,8.59,8.54,8.13,8.11
2014-10-31,6.77,6.39,6.89,6.33
2014-11-03,6.44,5.83,6.19,5.35
2014-11-04,5.67,6.5,6.88,7.03
2014-11-05,8.38,7.59,8.06,8.21
2014-11-06,8.33,8.32,8.25,8.27
2014-11-07,8.4,8.36,8.07,7.94
2014-11-10,8.03,8.32,8.51,8.84
2014-11-11,8.37,8.22,8.31,7.93
2014-11-12,7.35,7.53,7.42,7.83
2014-11-13,7.96,7.8235,8.09,7.74
2014-11-14,7.13,7.3,7.95,7.27
2014-11-17,7.13,7.77,7.73,8.07
2014-11-18,7.43,7.93,8.01,7.68
2014-11-19,7.39,7.61,8.53,8.61
2014-11-20,7.62,8.0,8.88,9.14
2014-11-21,10.04,9.59,10.15,9.71
2014-11-24,10.16,10.06,9.14,9.23
2014-11-25,9.11,9.06,9.24,9.04
2014-11-26,9.23,8.878,9.1,9.11
2014-11-28,8.95,9.32,9.79,9.35
2014-12-01,9.44,9.44,10.1363,9.89
2014-12-02,10.35,10.49,10.31,10.78
2014-12-03,10.54,10.69,11.18,11.93
2014-12-04,12.23,11.89,12.25,12.23
2014-12-05,12.2,12.34,12.85,12.44
2014-12-08,13.27,13.13,13.33,13.13
2014-12-09,12.11,11.76,12.09,11.25
2014-12-10,10.52,10.2199,11.21,9.55
2014-12-11,9.38,9.91,7.605,10.06
2014-12-12,9.19,8.53,9.9619,8.29
2014-12-15,8.21,6.73,8.215,7.14
2014-12-16,7.2,6.89,8.58,6.53
2014-12-17,6.74,7.67,8.56,9.29
2014-12-18,10.38,10.19,10.71,11.15
2014-12-19,11.55,9.75,11.37,11.0
2014-12-22,10.53,10.545,10.51,10.54
2014-12-23,10.88,10.945,11.22,11.81
2014-12-24,11.52,11.11,11.58,10.88
2014-12-26,11.62,11.49,11.34,11.01
2014-12-29,10.71,11.63,12.13,12.02
2014-12-30,11.61,11.43,11.87,11.6
2014-12-31,13.03,11.5,12.4,10.62
2015-01-02,11.16,9.86,11.1,9.84
2015-01-05,9.49,7.51,9.055,7.78
2015-01-06,7.99,6.28,7.88,6.47
2015-01-07,7.13,7.36,7.8,8.51
2015-01-08,9.63,10.53,10.28,11.7
2015-01-09,11.36,10.08,10.92,9.29
2015-01-12,9.68,8.59,10.075,8.39
2015-01-13,9.74,9.24,10.83,8.86
2015-01-14,3.71,3.74,5.47,5.41
2015-01-15,5.85,5.39,6.21,5.03
2015-01-16,5.31,6.255,7.25,8.26
2015-01-20,8.93,7.3,8.89,7.16
2015-01-21,6.86,6.88,7.41,7.86
2015-01-22,8.98,9.235,10.695,11.59
2015-01-23,12.05,12.54,11.9,12.78
2015-01-26,12.71,12.24,12.49,12.69
2015-01-27,12.2,11.66,12.1,11.2
2015-01-28,12.19,9.61,12.51,9.35
2015-01-29,9.94,8.98,9.885,9.99
2015-01-30,8.64,8.17,9.11,7.98
2015-02-02,7.79,7.49,8.79,8.99
2015-02-03,9.7,9.58,10.29,10.58
2015-02-04,10.41,10.18,10.855,10.28
2015-02-05,9.41,9.55,11.09,10.89
2015-02-06,11.06,10.46,10.52,9.6
2015-02-09,8.5,9.16,8.67,8.47
2015-02-10,9.14,7.83,8.7,7.54
2015-02-11,7.44,7.5,8.18,8.23
2015-02-12,8.53,8.6,8.54,8.58
2015-02-13,7.89,8.12,7.97,7.75
2015-02-17,8.45,8.27,8.78,9.15
2015-02-18,8.61,8.21,8.52,8.43
2015-02-19,8.04,8.09,8.392,8.3
2015-02-20,8.2,7.59,8.68,8.6
2015-02-23,8.68,7.696,7.92,7.44
2015-02-24,6.94,7.68,8.14,8.18
2015-02-25,7.38,7.8,7.86,7.6
2015-02-26,7.11,7.78,7.62,8.35
2015-02-27,8.24,8.21,8.0,8.16
2015-03-02,7.82,8.23,8.51,8.24
2015-03-03,7.65,7.33,7.84,7.69
2015-03-04,7.82,7.14,7.66,7.09
2015-03-05,7.09,7.1,7.39,7.47
2015-03-06,7.83,6.64,7.96,6.54
2015-03-09,6.97,7.34,7.71,7.94
2015-03-10,7.05,5.38,6.08,4.45
2015-03-11,4.76,4.76,4.65,4.92
2015-03-12,5.37,5.644,6.301,6.67
2015-03-13,6.06,4.92,5.07,4.35
2015-03-16,4.32,4.96,6.21,7.0
2015-03-17,6.83,6.19,6.72,6.74
2015-03-18,6.65,7.225,8.61,9.33
2015-03-19,9.22,8.18,8.26,7.09
2015-03-20,7.75,8.15,7.8599,8.04
2015-03-23,8.97,8.89,8.58,7.72
2015-03-24,8.16,7.93,8.43,7.51
2015-03-25,7.88,7.49,7.77,6.72
2015-03-26,5.78,7.07,6.78,7.44
2015-03-27,6.92,6.92,6.2,6.27
2015-03-30,6.65,6.49,6.12,5.77
2015-03-31,4.27,4.67,4.9,5.29
2015-04-01,6.22,5.6,6.48,5.86
2015-04-02,5.56,5.23,4.711,4.45
2015-04-06,3.87,5.25,4.71,6.34
2015-04-07,6.16,6.23,5.48,6.45
2015-04-08,6.57,7.81,6.27,8.03
2015-04-09,7.57,7.64,7.092,7.52
2015-04-10,8.66,10.2525,8.67,8.79
2015-04-13,10.5,10.5,9.2,9.02
2015-04-14,7.93,7.31,6.98,7.3
2015-04-15,7.78,7.69,7.47,6.78
2015-04-16,6.44,5.94,5.96,5.67
2015-04-17,4.06,3.99,3.71,4.3
2015-04-20,3.94,5.66,4.61,5.76
2015-04-21,5.84,3.4806,4.38,2.11
2015-04-22,1.76,0.3,1.0,-0.31
2015-04-23,-1.15,-0.79,-0.43,-0.73
2015-04-24,-0.36,0.25,-0.405,0.14
2015-04-27,-1.64,-2.74,-1.89,-2.89
2015-04-28,-2.37,-1.66,-1.05,-0.54
2015-04-29,-0.9,-0.78,-0.82,-0.76
2015-04-30,-0.67,-2.2,-1.63,-2.74
2015-05-01,-3.33,-2.36,-2.84,-2.87
2015-05-04,-2.82,-2.76,-2.769,-3.29
2015-05-05,-3.6,-3.64,-3.37,-3.73
2015-05-06,-3.52,-4.27,-4.01,-4.59
2015-05-07,-4.37,-4.48,-3.76,-3.37
2015-05-08,-2.17,-2.31,-2.06,-1.99
2015-05-11,-2.78,-2.3535,-2.55,-2.37
2015-05-12,-2.76,-3.74,-3.7,-3.57
2015-05-13,-3.4,-3.445,-3.51,-3.94
2015-05-14,-2.97,-3.21,-3.13,-2.64
2015-05-15,-2.59,-2.9,-3.48,-4.17
2015-05-18,-3.13,-3.3,-4.04,-3.94
2015-05-19,-4.46,-3.85,-4.54,-3.62
2015-05-20,-4.19,-4.43,-4.14,-4.28
2015-05-21,-4.75,-4.38,-4.61,-4.65
2015-05-22,-5.03,-4.96,-5.12,-5.37
2015-05-26,-5.9,-7.3,-6.44,-7.56
2015-05-27,-6.78,-7.19,-7.7163,-7.52
2015-05-28,-7.86,-7.79,-7.43,-7.4
2015-05-29,-7.51,-7.92,-8.37,-9.2
2015-06-01,-9.26,-9.52,-9.396,-9.76
2015-06-02,-10.17,-9.8,-10.17,-9.7
2015-06-03,-9.44,-9.81,-10.84,-10.7
2015-06-04,-10.56,-9.96,-10.15,-10.25
2015-06-05,-9.25,-10.39,-10.28,-10.19
2015-06-08,-10.75,-11.57,-11.16,-11.79
2015-06-09,-11.1,-10.6025,-11.6419,-9.8
2015-06-10,-8.72,-7.07,-8.115,-6.54
2015-06-11,-6.33,-5.74,-6.78,-4.75
2015-06-12,-5.43,-5.8197,-6.91,-7.21
2015-06-15,-9.19,-8.92,-8.63,-9.11
2015-06-16,-9.55,-7.83,-8.78,-8.42
2015-06-17,-8.16,-9.0147,-8.7301,-9.01
2015-06-18,-9.59,-9.155,-8.63,-8.55
2015-06-19,-9.07,-9.685,-9.25,-10.02
2015-06-22,-9.79,-10.07,-9.93,-10.08
2015-06-23,-9.57,-10.1,-10.26,-10.06
2015-06-24,-10.215,-10.41,-10.49,-11.04
2015-06-25,-13.22,-12.61,-12.47,-12.13
2015-06-26,-13.63,-14.05,-11.79,-10.97
2015-06-29,-11.82,-10.7764,-11.63,-10.97
2015-06-30,-10.41,-9.49,-10.47,-9.9
2015-07-01,-2.8,-10.51,-2.43,-10.68
2015-07-02,-13.2,-13.73,-9.68,-11.26
2015-07-06,-11.93,-10.67,-11.25,-10.04
2015-07-07,-9.62,-8.97,-9.24,-7.54
2015-07-08,-9.44,-9.21,-10.25,-9.53
2015-07-09,-3.34,-4.58,-6.56,-6.36
2015-07-10,-5.76,-6.1,-6.53,-5.98
2015-07-13,-4.86,-5.82,-6.87,-7.52
2015-07-14,-8.21,-6.63,-8.16,-6.84
2015-07-15,-6.77,-6.92,-6.96,-6.76
2015-07-16,-6.95,-6.755,-8.755,-9.07
2015-07-17,-9.06,-9.25,-9.28,-8.74
2015-07-20,-8.43,-8.2,-8.83,-8.68
2015-07-21,-8.08,-8.08,-7.96,-7.42
2015-07-22,-5.9,-4.42,-6.15,-2.71
2015-07-23,-3.07,-3.09,-3.085,-3.68
2015-07-24,-2.99,-1.79,-2.55,-1.52
2015-07-27,-1.78,-1.1274,-1.43,-2.31
2015-07-28,-2.59,-2.59,-3.32,-3.39
2015-07-29,-3.33,-3.32,-3.875,-3.63
2015-07-30,-3.63,-3.29,-4.62,-4.51
2015-07-31,-3.54,-4.11,-3.63,-4.11
2015-08-03,-3.39,-3.16,-1.74,-1.23
2015-08-04,-2.38,-1.36,-1.82,-1.38
2015-08-05,-1.05,-1.17,-1.17,-1.33
2015-08-06,-1.25,-2.605,-1.74,-2.82
2015-08-07,-2.54,-2.99,-3.44,-3.19
2015-08-10,-2.96,-3.09,-3.31,-3.8
2015-08-11,-4.59,-3.85,-3.45,-3.73
2015-08-12,-4.17,-5.395,-4.892,-4.79
2015-08-13,-5.66,-5.35,-5.2,-5.52
2015-08-14,-5.05,-4.36,-4.6,-3.89
2015-08-17,-3.88,-4.38,-4.245,-4.52
2015-08-18,-4.25,-4.555,-4.39,-3.75
2015-08-19,-4.37,-4.92,-4.35,-5.05
2015-08-20,-6.24,-6.54,-6.03,-6.51
2015-08-21,-6.91,-8.58,-7.42,-9.3
2015-08-24,-14.07,-17.18,-10.72,-12.51
2015-08-25,-9.39,-12.72,-9.39,-12.88
2015-08-26,-10.94,-12.85,-11.09,-11.34
2015-08-27,-10.23,-10.13,-9.78,-8.34
2015-08-28,-8.8,-10.18,-9.43,-10.12
2015-08-31,-9.44,-8.78,-9.38,-7.95
2015-09-01,-9.73,-10.89,-10.15,-11.1
2015-09-02,-10.48,-11.915,-11.681,-12.06
2015-09-03,-11.46,-10.1599,-10.7,-10.07
2015-09-04,-11.74,-12.33,-13.43,-13.84
2015-09-08,-11.87,-12.12,-11.71,-11.39
2015-09-09,-10.51,-12.075,-12.0,-14.02
2015-09-10,-13.95,-13.09,-13.5701,-12.94
2015-09-11,-13.28,-13.16,-13.0699,-12.68
2015-09-14,-12.77,-13.56,-13.64,-13.33
2015-09-15,-12.71,-12.39,-12.06,-11.05
2015-09-16,-10.89,-10.46,-11.04,-9.78
2015-09-17,-8.93,-9.46,-9.0,-9.71
2015-09-18,-11.05,-10.85,-10.075,-10.98
2015-09-21,-10.78,-10.98,-10.76,-10.53
2015-09-22,-10.54,-10.37,-10.74,-10.51
2015-09-23,-11.59,-10.18,-10.5702,-9.65
2015-09-24,-10.42,-10.47,-9.76,-9.65
2015-09-25,-7.53,-7.72,-7.58,-7.84
2015-09-28,-9.06,-10.8,-8.85,-10.45
2015-09-29,-10.33,-10.8,-10.14,-9.65
2015-09-30,-8.82,-8.83,-8.42,-8.36
2015-10-01,-8.56,-10.55,-8.79,-9.61
2015-10-02,-10.77,-11.31,-9.86,-9.22
2015-10-05,-8.01,-7.44,-7.34,-7.58
2015-10-06,-8.46,-8.83,-8.54,-8.58
2015-10-07,-7.88,-7.74,-7.68,-7.39
2015-10-08,-6.98,-5.76,-5.05,-3.56
2015-10-09,-4.38,-4.54,-4.22,-4.69
2015-10-12,-5.47,-3.0606,-4.06,-1.99
2015-10-13,-1.72,-0.7399,-1.92,-1.41
2015-10-14,-1.29,-2.04,-1.87,-2.76
2015-10-15,-2.68,-2.17,-1.13,-0.96
2015-10-16,-0.34,0.2201,0.21,1.07
2015-10-19,1.25,0.61,0.45,0.75
2015-10-20,1.15,1.82,2.57,3.01
2015-10-21,4.24,4.07,5.81,6.59
2015-10-22,6.61,6.68,8.07,7.48
2015-10-23,7.57,5.95,7.219,7.39
2015-10-26,8.19,8.06,8.54,8.19
2015-10-27,7.31,7.85,7.64,7.66
2015-10-28,8.0,7.57,7.72,7.64
2015-10-29,7.19,6.79,7.2,6.5
2015-10-30,6.64,5.6,6.65,5.26
2015-11-02,6.15,6.57,6.478,7.02
2015-11-03,6.91,6.285,6.3099,6.44
2015-11-04,5.86,5.15,5.28,4.37
2015-11-05,4.65,5.1,4.85,5.38
2015-11-06,6.275,4.07,5.695,4.29
2015-11-09,3.78,3.52,4.01,3.58
2015-11-10,3.6,3.99,4.3,4.44
2015-11-11,4.4,4.37,4.64,4.47
2015-11-12,4.12,2.9645,4.23,2.77
2015-11-13,3.19,4.7,3.95,5.07
2015-11-16,4.49,4.84,6.25,6.41
2015-11-17,6.57,6.72,6.81,5.9
2015-11-18,6.1,6.97,7.93,8.86
2015-11-19,8.08,8.89,8.876,9.2
2015-11-20,9.94,9.9059,10.25,10.11
2015-11-23,9.74,9.66,9.87,9.16
2015-11-24,9.33,9.18,9.22,9.75
2015-11-25,9.51,10.4603,9.23,10.37
2015-11-27,10.39,11.2617,10.26,11.76
2015-11-30,12.07,11.9125,11.9,11.33
2015-12-01,10.45,10.51,10.65,11.07
2015-12-02,10.77,10.19,10.1,9.39
2015-12-03,10.36,8.2997,10.02,8.29
2015-12-04,9.61,9.69,12.07,12.23
2015-12-07,11.75,11.47,11.0,10.85
2015-12-08,10.04,9.7557,9.7501,9.62
2015-12-09,9.06,8.07,8.5199,7.23
2015-12-10,7.91,7.705,8.035,8.72
2015-12-11,6.97,6.96,8.59,6.95
2015-12-14,6.99,6.91,7.78,7.69
2015-12-15,8.615,9.475,10.11,10.57
2015-12-16,13.4,13.16,13.2,14.15
2015-12-17,15.27,16.0,13.18,12.13
2015-12-18,12.43,12.2064,12.6,12.09
2015-12-21,11.62,11.95,12.76,13.56
2015-12-22,5.8,14.12,6.6,14.74
2015-12-23,16.72,17.17,12.51,14.24
2015-12-24,15.05,15.09,15.0,14.86
2015-12-28,14.37,14.86,13.77,13.8
2015-12-29,14.68,15.34,15.56,16.83
2015-12-30,15.15,15.15,15.625,14.71
2015-12-31,13.0,13.2426,13.33,13.01
2016-01-04,10.22,8.68,10.45,9.5
2016-01-05,10.3,10.56,11.2,11.25
2016-01-06,10.19,9.6,9.73,8.96
2016-01-07,5.93,6.41,8.09,7.22
2016-01-08,7.77,6.36,7.95,5.82
2016-01-11,6.23,5.19,6.4,6.07
2016-01-12,6.71,6.85,7.85,8.22
2016-01-13,7.13,5.16,6.99,3.47
2016-01-14,3.92,4.47,5.23,4.57
2016-01-15,4.62,1.03,3.9,2.94
2016-01-19,4.84,2.9474,3.67,3.87
2016-01-20,2.54,1.2568,3.86,3.07
2016-01-21,2.67,1.08,2.68,1.44
2016-01-22,2.1,1.88,2.23,1.45
2016-01-25,-0.02,-0.75,-0.21,-0.77
2016-01-26,-0.17,-0.55,-1.06,-2.16
2016-01-27,-2.47,-3.2018,-1.27,-2.27
2016-01-28,-2.37,-2.08,-1.79,-1.61
2016-01-29,-1.1,0.295,1.85,2.93
2016-02-01,2.33,2.49,3.71,3.42
2016-02-02,1.45,2.05,1.97,2.36
2016-02-03,3.98,1.37,2.67,2.85
2016-02-04,2.94,3.775,3.992,4.09
2016-02-05,5.08,4.16,3.81,3.27
2016-02-08,2.44,-0.85,1.91,-0.78
2016-02-09,-2.76,-2.11,0.785,0.59
2016-02-10,2.02,1.135,1.73,1.21
2016-02-11,-0.04,0.32,0.94,1.11
2016-02-12,3.23,4.25,5.29,6.81
2016-02-16,8.51,9.0,9.19,10.6
2016-02-17,16.46,19.71,13.62,15.59
2016-02-18,12.55,16.21,13.11,16.64
2016-02-19,14.03,15.5,14.27,13.82
2016-02-22,13.97,14.46,13.65,13.45
2016-02-23,13.28,13.75,13.0,12.99
2016-02-24,12.27,13.28,13.87,14.02
2016-02-25,16.35,17.31,17.42,18.67
2016-02-26,18.2,17.98,18.74,16.88
2016-02-29,15.93,14.4899,15.66,13.86
2016-03-01,15.6,15.75,16.98,17.55
2016-03-02,15.64,16.35,16.34,16.39
2016-03-03,15.71,16.48,15.24,17.11
2016-03-04,16.93,15.5,16.2201,16.44
2016-03-07,16.16,15.35,16.3,16.49
2016-03-08,15.39,16.27,16.66,16.07
2016-03-09,16.58,16.5,16.18,16.48
2016-03-10,16.64,15.56,16.89,15.79
2016-03-11,16.84,16.645,17.12,18.4
2016-03-14,19.49,19.21,19.325,19.82
2016-03-15,17.73,15.23,18.04,17.82
2016-03-16,18.3,18.41,18.66,18.47
2016-03-17,18.63,18.5325,19.3402,19.65
2016-03-18,20.75,20.57,20.77,20.92
2016-03-21,19.07,18.42,18.025,17.97
2016-03-22,18.9,19.67,18.15,19.22
2016-03-23,19.27,18.87,18.44,17.99
2016-03-24,16.92,16.35,16.44,16.21
2016-03-28,16.38,18.03,16.66,16.94
2016-03-29,17.67,17.61,16.76,16.7
2016-03-30,16.44,15.92,15.68,15.41
2016-03-31,15.97,16.22,15.92,15.86
2016-04-01,14.83,14.97,16.05,15.87
2016-04-04,18.46,16.3,16.48,14.01
2016-04-05,13.58,11.39,12.73,11.48
2016-04-06,12.24,11.79,12.05,12.17
2016-04-07,11.76,11.1499,11.4,11.18
2016-04-08,12.22,12.7475,12.54,13.26
2016-04-11,13.0,12.74,12.41,11.02
2016-04-12,9.85,10.0099,10.54,10.48
2016-04-13,11.42,11.09,11.15,11.0
2016-04-14,10.77,10.52,10.03,9.29
2016-04-15,8.25,9.51,6.87,6.98
2016-04-18,6.56,6.37,6.08,6.91
2016-04-19,7.36,8.55,7.92,7.19
2016-04-20,7.09,6.59,6.49,7.32
2016-04-21,7.27,3.76,7.4,3.49
2016-04-22,3.29,4.19,3.75,4.01
2016-04-25,3.91,3.4,3.49,3.77
2016-04-26,4.28,5.0008,4.33,5.22
2016-04-27,5.0,4.36,4.812,4.33
2016-04-28,3.5,3.64,4.2801,3.55
2016-04-29,3.39,3.99,4.05,4.9
2016-05-02,4.49,3.93,5.725,5.42
2016-05-03,3.425,5.35,4.035,5.23
2016-05-04,4.91,4.97,5.49,5.3
2016-05-05,7.17,7.11,9.03,8.91
2016-05-06,8.36,8.07,8.824,8.98
2016-05-09,8.9,10.0855,9.826,11.47
2016-05-10,11.75,11.54,12.73,13.37
2016-05-11,12.97,11.92,11.27,10.0
2016-05-12,10.49,10.54,11.34,11.9
2016-05-13,11.57,11.25,10.43,9.78
2016-05-16,10.01,9.74,9.91,9.72
2016-05-17,9.06,7.9341,8.41,7.58
2016-05-18,7.15,7.25,9.14,9.58
2016-05-19,9.61,9.22,8.94,9.29
2016-05-20,9.96,10.1197,10.89,10.7
2016-05-23,10.43,10.4683,10.86,10.82
2016-05-24,10.9,11.485,12.39,12.21
2016-05-25,12.8,12.35,11.92,11.04
2016-05-26,11.76,10.87,11.36,10.99
2016-05-27,10.65,12.9,11.33,13.45
2016-05-31,13.33,12.0,9.619,8.95
2016-06-01,9.03,8.83,9.95,10.2
2016-06-02,10.67,11.294,11.23,11.86
2016-06-03,12.02,11.67,11.6301,12.67
2016-06-06,12.41,12.43,12.375,12.07
2016-06-07,13.57,13.56,12.05,13.32
2016-06-08,12.72,13.29,12.08,12.82
2016-06-09,11.61,11.265,10.395,10.7
2016-06-10,9.15,9.9728,9.21,8.9
2016-06-13,8.81,8.8,9.28,8.89
2016-06-14,9.01,10.19,8.98,10.69
2016-06-15,10.66,10.55,9.95,9.01
2016-06-16,7.72,7.79,7.9,8.07
2016-06-17,7.77,6.48,7.2,5.95
2016-06-20,7.25,6.95,7.0,6.51
2016-06-21,7.39,7.27,7.48,7.22
2016-06-22,7.1,7.2,6.9,6.07
2016-06-23,7.63,8.3324,8.925,10.44
2016-06-24,6.48,6.2674,8.0132,7.09
2016-06-27,7.73,8.56,7.5526,8.11
2016-06-28,8.66,8.27,9.81,10.34
2016-06-29,12.45,13.38,13.97,15.02
2016-06-30,17.24,17.11,17.86,19.13
2016-07-01,18.8,20.12,18.62,20.36
2016-07-05,19.04,19.72,19.15,18.69
2016-07-06,17.52,18.01,17.16,17.24
2016-07-07,15.96,17.9,16.0099,18.57
2016-07-08,19.67,19.08,18.01,19.22
2016-07-11,18.77,22.02,19.57,20.57
2016-07-12,19.84,20.32,19.12,18.77
2016-07-13,20.13,21.1932,18.53,18.81
2016-07-14,20.59,21.26,19.84,20.47
2016-07-15,20.86,19.84,19.59,19.53
2016-07-18,19.54,21.34,19.99,21.29
2016-07-19,20.51,20.122,19.39,20.25
2016-07-20,21.19,21.1418,19.6899,20.19
2016-07-21,19.79,18.81,18.7897,18.08
2016-07-22,17.76,17.43,15.45,15.42
2016-07-25,16.16,15.71,14.8899,14.66
2016-07-26,16.24,15.57,15.82,15.75
2016-07-27,14.14,16.47,14.82,14.35
2016-07-28,14.51,14.481,13.82,13.25
2016-07-29,13.0,13.46,13.16,13.01
2016-08-01,12.62,14.76,14.28,16.38
2016-08-02,18.24,17.84,14.0872,14.45
2016-08-03,13.33,14.21,13.74,13.78
2016-08-04,16.07,15.79,14.64,14.61
2016-08-05,14.48,13.97,12.64,12.69
2016-08-08,12.0,12.65,11.04,11.42
2016-08-09,10.71,11.0,9.78,9.91
2016-08-10,9.8,10.37,9.5035,9.86
2016-08-11,10.64,10.93,10.19,10.92
2016-08-12,9.67,10.04,9.04,9.24
2016-08-15,9.91,10.67,10.065,10.65
2016-08-16,11.37,11.24,10.02,9.89
2016-08-17,9.32,8.98,7.8477,7.7
2016-08-18,8.04,8.215,7.52,9.75
2016-08-19,9.81,10.54,9.7,10.95
2016-08-22,10.11,10.3,8.73,8.61
2016-08-23,8.94,8.42,8.03,7.02
2016-08-24,6.64,7.86,6.95,7.42
2016-08-25,7.5,9.2,8.76,8.88
2016-08-26,9.8,9.66,9.6,8.56
2016-08-29,9.65,9.85,9.63,10.8
2016-08-30,10.14,10.085,9.46,9.46
2016-08-31,9.25,9.81,8.66,9.33
2016-09-01,8.21,7.925,7.38,7.15
2016-09-02,8.22,8.37,7.79,8.07
2016-09-06,9.29,11.5101,8.08,8.54
2016-09-07,8.44,8.33,8.2,8.08
2016-09-08,7.87,7.3475,6.0706,5.52
2016-09-09,4.43,3.56,3.32,1.81
2016-09-12,2.04,2.8,4.325,4.92
2016-09-13,3.73,4.84,5.39,5.73
2016-09-14,5.77,5.39,5.67,5.07
2016-09-15,5.12,5.69,5.83,5.81
2016-09-16,5.18,4.91,5.48,5.48
2016-09-19,6.85,6.75,6.43,5.87
2016-09-20,6.41,5.7978,6.2,5.42
2016-09-21,5.96,6.11,6.56,7.34
2016-09-22,8.19,8.24,6.51,6.6
2016-09-23,3.42,5.18,3.53,4.89
2016-09-26,4.86,6.51,5.07,6.43
2016-09-27,6.47,6.73,6.56,6.09
2016-09-28,6.48,7.22,6.96,8.05
2016-09-29,6.99,5.8726,6.56,5.58
2016-09-30,5.97,6.12,6.03,7.08
2016-10-03,7.0,5.94,5.8,4.78
2016-10-04,4.44,3.47,4.23,2.45
2016-10-05,3.21,2.68,2.5139,2.83
2016-10-06,2.52,1.3,2.066,1.32
2016-10-07,1.96,2.45,3.07,2.41
2016-10-10,2.83,2.84,2.4,2.86
2016-10-11,2.24,1.9,1.98,1.15
2016-10-12,2.03,5.85,2.58,6.86
2016-10-13,5.75,5.2,5.98,5.92
2016-10-14,6.52,7.38,7.13,6.8
2016-10-17,6.59,6.9222,6.55,6.92
2016-10-18,7.57,7.65,7.59,6.94
2016-10-19,8.25,8.52,8.0,8.84
2016-10-20,8.64,6.27,7.68,5.17
2016-10-21,4.47,4.51,2.845,2.95
2016-10-24,4.59,4.47,4.65,4.02
2016-10-25,4.68,4.985,4.37,4.63
2016-10-26,4.73,4.09,4.57,4.54
2016-10-27,5.67,5.83,5.096,4.66
2016-10-28,5.58,4.74,5.514,4.61
2016-10-31,4.8,3.98,3.09,1.78
2016-11-01,2.57,1.23,2.41,1.73
2016-11-02,1.51,0.76,0.18,-0.66
2016-11-03,0.16,-0.4,-0.01,-0.67
2016-11-04,-0.07,-1.565,-0.39,-2.18
2016-11-07,-0.51,0.33,-0.45,0.44
2016-11-08,0.74,0.86,-0.22,-0.24
2016-11-09,-0.25,-0.58,1.29,1.0
2016-11-10,0.83,-0.62,0.04,0.71
2016-11-11,0.81,0.47,0.8,0.97
2016-11-14,1.17,0.395,-0.13,-0.16
2016-11-15,-1.22,-2.07,-1.8,-2.05
2016-11-16,-2.98,-1.96,-2.18,-0.95
2016-11-17,-1.36,-1.795,-1.3,-1.88
2016-11-18,-1.79,-1.0,-0.869,-0.31
2016-11-21,0.75,0.64,-0.22,-0.28
2016-11-22,0.34,-0.62,-0.22,-1.4
2016-11-23,-0.6,0.04,-0.5,-0.87
2016-11-25,-0.48,-0.01,-0.795,-0.15
2016-11-28,-0.77,-0.64,-0.42,0.36
2016-11-29,0.81,0.09,1.51,1.32
2016-11-30,2.54,1.58,2.805,1.5
2016-12-01,2.59,2.3172,2.48,3.23
2016-12-02,2.75,3.43,2.52,3.33
2016-12-05,3.98,4.12,4.42,4.34
2016-12-06,4.04,4.31,4.85,5.84
2016-12-07,7.11,6.66,6.81,6.78
2016-12-08,7.15,7.831,7.71,8.27
2016-12-09,7.37,6.91,7.19,7.78
2016-12-12,7.26,7.22,7.16,7.38
2016-12-13,7.93,7.89,7.45,7.72
2016-12-14,6.26,4.0176,4.59,3.24
2016-12-15,7.84,8.73,7.5668,8.41
2016-12-16,10.01,10.65,9.9874,10.87
2016-12-19,9.98,10.53,8.27,8.02
2016-12-20,7.46,6.97,5.96,5.23
2016-12-21,5.33,5.32,2.74,2.61
2016-12-22,2.58,2.72,2.69,2.99
2016-12-23,3.99,4.04,3.63,4.13
2016-12-27,4.55,4.39,3.94,3.34
2016-12-28,3.23,4.28,3.1301,3.53
2016-12-29,2.17,2.95,2.28,2.0
2016-12-30,3.08,2.67,2.415,2.17
2017-01-03,1.94,1.65,1.94,2.07
2017-01-04,1.98,1.63,2.1999,2.02
2017-01-05,0.7,0.38,0.95,0.73
2017-01-06,0.31,1.35,1.42,1.76
2017-01-09,1.59,1.19,1.56,1.22
2017-01-10,1.44,2.198,2.12,1.63
2017-01-11,0.62,1.25,0.8401,2.07
2017-01-12,1.55,1.75,1.5803,2.19
2017-01-13,2.36,2.54,2.13,1.76
2017-01-17,1.29,1.79,2.8401,3.05
2017-01-18,2.98,3.37,3.23,3.75
2017-01-19,4.78,3.87,4.37,4.09
2017-01-20,4.89,4.679,5.28,4.94
2017-01-23,5.54,5.7497,5.14,6.17
2017-01-24,7.52,8.835,6.91,6.7
2017-01-25,7.54,7.85,8.0228,8.04
2017-01-26,7.86,7.54,7.39,7.59
2017-01-27,7.42,7.19,7.21,7.85
2017-01-30,6.78,5.53,6.26,4.71
2017-01-31,3.91,3.87,4.52,4.4
2017-02-01,1.92,0.44,2.54,1.66
2017-02-02,1.44,1.8,3.9965,4.55
2017-02-03,5.67,4.95,5.5492,4.69
2017-02-06,4.6,4.75,5.53,5.1
2017-02-07,5.45,4.2,5.185,4.4
2017-02-08,4.6,4.35,4.67,4.76
2017-02-09,5.15,5.17,5.9223,5.79
2017-02-10,4.92,6.05,5.83,5.5
2017-02-13,6.14,6.23,6.63,7.33
2017-02-14,7.75,7.37,7.72,7.67
2017-02-15,7.99,8.17,8.07,9.08
2017-02-16,9.16,9.2,10.29,10.47
2017-02-17,10.19,9.71,9.78,10.13
2017-02-21,9.73,9.865,9.9,10.82
2017-02-22,9.9,9.39,10.56,10.68
2017-02-23,10.86,11.115,12.03,11.77
2017-02-24,11.26,11.24,11.85,11.48
2017-02-27,11.24,11.23,11.28,10.51
2017-02-28,9.37,9.5201,10.17,10.36
2017-03-01,11.46,11.04,12.475,12.34
2017-03-02,12.23,11.34,12.19,10.87
2017-03-03,10.98,11.21,11.1694,12.14
2017-03-06,12.21,13.28,12.52,13.41
2017-03-07,13.3,13.3,11.175,11.1
2017-03-08,13.06,11.95,11.8,11.11
2017-03-09,11.34,12.59,11.915,12.76
2017-03-10,13.37,12.94,12.07,12.39
2017-03-13,12.91,13.25,12.73,12.83
2017-03-14,11.89,12.28,11.9,12.04
2017-03-15,11.61,12.1449,12.02,13.1
2017-03-16,12.82,12.02,12.03,11.24
2017-03-17,10.87,10.46,10.56,10.65
2017-03-20,11.44,11.61,11.19,11.66
2017-03-21,12.62,11.52,12.82,11.7
2017-03-22,11.62,11.44,11.19,11.37
2017-03-23,11.72,11.95,12.225,10.98
2017-03-24,11.16,11.5199,11.09,11.67
2017-03-27,10.2,10.11,10.57,11.01
2017-03-28,10.63,12.14,12.8,13.79
2017-03-29,12.3,13.61,12.07,13.54
2017-03-30,12.47,13.3554,13.3161,13.88
2017-03-31,13.79,14.64,13.564,14.37
2017-04-03,13.86,13.15,11.54,11.84
2017-04-04,10.75,11.57,11.87,12.46
2017-04-05,13.19,13.33,13.37,13.04
2017-04-06,13.19,12.67,12.86,12.66
2017-04-07,12.81,13.51,12.6,12.25
2017-04-10,11.45,11.01,11.79,12.13
2017-04-11,11.5,11.6471,11.76,12.12
2017-04-12,10.61,11.19,10.49,11.68
2017-04-13,10.99,10.91,10.85,10.69
2017-04-17,11.42,13.83,12.7,15.16
2017-04-18,15.79,16.0,16.11,15.6
2017-04-19,15.78,14.53,15.11,14.69
2017-04-20,14.33,13.925,14.0,14.33
2017-04-21,12.19,11.86,9.71,8.48
2017-04-24,10.09,9.24,9.92,9.77
2017-04-25,9.95,10.61,9.23,9.61
2017-04-26,10.35,10.92,12.02,11.93
2017-04-27,11.85,13.54,12.036,12.93
2017-04-28,12.87,12.39,12.63,12.53
2017-05-01,12.14,12.44,11.96,12.44
2017-05-02,12.36,13.505,11.97,13.92
2017-05-03,12.4,12.845,13.07,13.06
2017-05-04,13.45,13.38,12.48,12.92
2017-05-05,13.83,13.82,12.33,11.9
2017-05-08,11.51,12.69,11.28,10.77
2017-05-09,10.76,10.53,10.3505,9.47
2017-05-10,9.31,10.12,10.245,11.1
2017-05-11,11.2,11.9501,11.36,12.09
2017-05-12,12.21,12.44,11.73,11.32
2017-05-15,11.41,12.025,11.62,12.03
2017-05-16,10.64,11.27,11.04,10.72
2017-05-17,9.79,10.48,11.06,10.74
2017-05-18,10.04,11.52,12.31,12.15
2017-05-19,12.15,12.06,11.33,11.79
2017-05-22,11.66,12.635,12.785,13.11
2017-05-23,13.51,13.93,13.84,13.85
2017-05-24,13.57,14.07,12.45,12.63
2017-05-25,12.55,13.69,13.3,14.76
2017-05-26,14.35,14.53,13.78,13.21
2017-05-30,13.04,13.68,13.2132,14.07
2017-05-31,13.65,13.83,14.18,14.47
2017-06-01,14.64,14.8,14.56,14.76
2017-06-02,14.25,14.43,13.13,13.06
2017-06-05,12.72,13.289,12.89,12.85
2017-06-06,12.28,12.65,12.19,11.7
2017-06-07,12.19,12.17,11.92,11.43
2017-06-08,11.1,11.39,11.49,11.7
2017-06-09,11.74,14.26,13.29,14.68
2017-06-12,14.54,13.47,12.95,13.33
2017-06-13,13.14,13.78,13.37,13.02
2017-06-14,12.75,12.74,13.34,13.45
2017-06-15,12.72,13.42,13.75,14.41
2017-06-16,14.72,13.54,14.44,14.26
2017-06-19,14.29,14.43,14.63,13.8
2017-06-20,13.79,14.14,13.75,13.82
2017-06-21,14.03,13.99,13.96,13.94
2017-06-22,14.17,13.42,13.75,13.39
2017-06-23,13.25,12.66,13.545,12.61
2017-06-26,12.17,12.53,12.525,13.28
2017-06-27,12.52,13.71,12.96,13.07
2017-06-28,12.79,13.89,13.4401,14.11
2017-06-29,14.53,14.49,14.13,14.34
2017-06-30,14.85,13.99,13.9,14.05
2017-07-03,14.72,15.165,15.86,15.84
2017-07-05,16.18,15.06,15.55,15.51
2017-07-06,16.09,15.89,16.04,15.08
2017-07-07,16.06,16.65,16.58,16.73
2017-07-10,15.68,15.3,15.41,15.03
2017-07-11,15.76,14.83,14.17,13.46
2017-07-12,13.51,13.46,13.0599,12.47
2017-07-13,12.51,13.47,12.94,13.58
2017-07-14,12.81,13.12,13.11,13.77
2017-07-17,13.64,13.7403,14.02,14.11
2017-07-18,13.74,13.165,12.98,13.73
2017-07-19,13.44,13.05,13.22,13.48
2017-07-20,13.82,13.53,13.6,13.56
2017-07-21,13.09,13.94,14.135,13.7
2017-07-24,13.92,15.39,13.92,15.18
2017-07-25,16.44,16.36,16.38,15.87
2017-07-26,18.69,16.54,18.29,15.42
2017-07-27,15.45,14.65,14.02,12.21
2017-07-28,11.37,12.42,13.1558,14.07
2017-07-31,14.6,14.44,14.49,15.03
2017-08-01,17.95,18.8,18.29,19.05
2017-08-02,17.67,17.67,18.04,18.09
2017-08-03,17.79,17.99,17.88,17.99
2017-08-04,17.74,17.42,17.07,17.04
2017-08-07,16.56,16.97,16.01,15.5
2017-08-08,15.28,15.4,15.34,14.55
2017-08-09,14.42,14.49,14.79,14.83
2017-08-10,14.33,14.125,13.29,12.6
2017-08-11,13.38,11.56,12.57,10.25
2017-08-14,10.79,11.625,11.09,10.67
2017-08-15,11.81,12.24,10.84,10.21
2017-08-16,10.41,10.23,9.64,9.01
2017-08-17,9.32,8.15,8.67,7.54
2017-08-18,7.05,8.07,7.69,7.83
2017-08-21,8.71,8.0699,7.2761,7.16
2017-08-22,6.31,6.7999,5.005,4.93
2017-08-23,5.13,5.55,4.95,5.84
2017-08-24,2.24,2.95,3.62,3.24
2017-08-25,4.88,5.09,5.77,5.94
2017-08-28,5.99,3.65,5.525,4.37
2017-08-29,2.69,3.8,3.97,4.93
2017-08-30,5.32,4.16,4.715,3.75
2017-08-31,3.8,3.42,3.85,3.61
2017-09-01,3.77,3.18,4.08,2.95
2017-09-05,2.01,-0.44,2.18,-0.48
2017-09-06,-0.83,-1.0027,0.6,-0.55
2017-09-07,-0.9,-3.46,-0.94,-2.85
2017-09-08,-3.37,-3.11,4.65,2.75
2017-09-11,4.85,5.62,8.98,8.74
2017-09-12,8.42,9.6,9.13,10.93
2017-09-13,10.34,8.49,9.77,7.9
2017-09-14,8.07,5.2,6.635,6.13
2017-09-15,6.13,6.92,6.73,7.45
2017-09-18,8.72,7.865,7.37,6.91
2017-09-19,7.45,6.94,6.24,5.47
2017-09-20,7.03,6.46,7.32,7.38
2017-09-21,7.64,6.8346,7.37,5.9
2017-09-22,5.7,5.42,6.03,6.34
2017-09-25,6.22,6.16,6.76,6.94
2017-09-26,6.67,4.68,5.42,4.27
2017-09-27,4.88,4.92,4.43,5.13
2017-09-28,4.3,5.02,4.69,4.6
2017-09-29,4.79,4.7,4.6795,5.08
2017-10-02,5.08,5.715,7.14,7.51
2017-10-03,7.99,6.7749,7.32,6.9
2017-10-04,7.3,7.87,7.84,7.73
2017-10-05,8.14,8.07,9.13,8.99
2017-10-06,8.93,8.28,8.28,7.96
2017-10-09,8.3,7.52,8.21,8.55
2017-10-10,7.66,9.11,8.95,10.31
2017-10-11,10.24,10.645,10.43,10.59
2017-10-12,11.07,10.79,11.14,11.1
2017-10-13,9.24,9.94,11.54,12.06
2017-10-16,11.33,11.69,12.94,13.2
2017-10-17,11.67,11.26,10.06,11.15
2017-10-18,10.62,10.57,11.704,12.69
2017-10-19,12.54,13.05,15.42,16.73
2017-10-20,17.8,16.57,17.5,17.11
2017-10-23,16.98,16.74,17.89,18.16
2017-10-24,18.62,17.555,17.97,16.84
2017-10-25,16.56,15.94,16.95,15.9
2017-10-26,16.35,16.72,16.72,17.0
2017-10-27,16.38,14.4298,16.3,15.52
2017-10-30,15.65,15.38,16.9795,16.57
2017-10-31,15.94,14.21,15.275,12.82
2017-11-01,13.12,13.7399,14.55,14.1
2017-11-02,14.77,11.24,14.81,12.52
2017-11-03,12.0,11.25,12.08,10.9
2017-11-06,11.48,11.0,11.64,12.18
2017-11-07,13.17,12.49,12.5,12.01
2017-11-08,14.03,12.05,11.76,11.54
2017-11-09,10.93,11.24,12.89,13.16
2017-11-10,12.44,11.345,11.98,11.59
2017-11-13,11.38,10.39,11.04,10.73
2017-11-14,10.1,9.13,10.0,9.82
2017-11-15,8.76,7.795,8.88,8.4
2017-11-16,8.81,6.56,8.61,6.62
2017-11-17,6.57,6.52,6.9868,6.74
2017-11-20,6.61,6.01,6.15,5.81
2017-11-21,5.89,5.76,5.15,4.33
2017-11-22,4.08,3.62,3.83,3.11
2017-11-24,3.95,3.21,3.22,3.88
2017-11-27,4.33,4.02,4.54,5.08
2017-11-28,4.98,4.88,7.21,7.28
2017-11-29,7.74,7.33,7.955,7.68
2017-11-30,8.06,5.93,6.81,5.55
2017-12-01,5.34,3.0,6.22,5.96
2017-12-04,7.48,5.3,7.06,5.09
2017-12-05,5.84,3.69,4.63,3.49
2017-12-06,3.61,3.58,3.79,3.47
2017-12-07,2.68,2.52,3.03,1.86
2017-12-08,1.54,1.27,1.79,2.94
2017-12-11,2.93,2.3,2.96,3.31
2017-12-12,2.92,3.15,3.35,3.88
2017-12-13,4.1,2.84,4.1,2.89
2017-12-14,2.79,0.73,2.465,1.27
2017-12-15,2.29,2.34,3.89,3.32
2017-12-18,4.365,2.34,4.4,3.08
2017-12-19,3.09,2.2,3.345,1.99
2017-12-20,1.58,1.41,2.065,1.0
2017-12-21,1.08,0.109,1.07,-0.37
2017-12-22,-0.49,-1.215,-1.58,-1.15
2017-12-26,-1.75,-0.78,-0.55,-0.66
2017-12-27,-0.46,-0.215,-0.1,0.73
2017-12-28,-0.3,-0.09,-0.17,-0.36
2017-12-29,0.7,0.73,1.09,0.85
